Delphinus_KFOLD_5,S_attenuata_KFOLD_5,S_bredanensis_KFOLD_5,S_clymene_KFOLD_5,S_frontalis_KFOLD_5,S_longirostris_KFOLD_5,T_truncatus_KFOLD_5,Species_Classification,UID,KnownSpecies,EncounterNumber
0.23443597602073213,0.07353598712838778,0.02408801623452028,0.35335839882060044,0.16087280357415398,0.041420190364868714,0.112288627856737,S_clymene,0,Delphinus,PMC_12_A15
0.1535777745679168,0.08267619298431288,0.028697878625181233,0.37369350431949233,0.16642786690378622,0.07158312836729484,0.12334365423201613,S_clymene,1,Delphinus,PMC_12_A15
0.12479708195607335,0.1094579431498758,0.01921005257741679,0.3901854503208999,0.15018596117709684,0.06949061337814648,0.13667289744049121,S_clymene,2,Delphinus,PMC_12_A15
0.46425790442789777,0.10981602183836875,0.04209997979378457,0.0348564401446075,0.04267983140033179,0.09381869639981054,0.212471125995199,Delphinus,3,Delphinus,PMC_12_A15
0.5295259797651501,0.07343686976940833,0.010715732426524651,0.048005539861848995,0.025753815987598433,0.06151979736399986,0.2510422648254698,Delphinus,4,Delphinus,PMC_12_A15
0.6999041767262353,0.03888505661356432,0.024336493793071828,0.02067711346502696,0.06420417523736732,0.11758537860844745,0.03440760555628679,Delphinus,5,Delphinus,PMC_12_A15
0.1669296628113044,0.07465780046251173,0.0200776773868544,0.38272465103949593,0.16493225146012017,0.05052314813795791,0.14015480870175565,S_clymene,6,Delphinus,PMC_12_A15
0.4256876277868507,0.08864550231187308,0.03733442274573561,0.0510406803158194,0.05057795910567607,0.06502135974838316,0.28169244798566245,Delphinus,7,Delphinus,PMC_12_A15
0.43346205892271084,0.09583527635231616,0.02244591631791993,0.043329209796891074,0.035657325150759304,0.09081807019841119,0.2784521432609916,Delphinus,8,Delphinus,PMC_12_A15
0.29707880664922065,0.17106195513150738,0.03512308352811019,0.09675099801163844,0.058536849367319656,0.08000730716516005,0.26144100014704375,Delphinus,9,Delphinus,PMC_12_A15
0.575840008963211,0.021757645654612127,0.011783385236134451,0.014242075133403925,0.026378856181816446,0.14048338012669623,0.20951464870412603,Delphinus,10,Delphinus,PMC_12_A15
0.4596462548361348,0.02858381311476784,0.03538254357565763,0.024091058680523334,0.04285885836699191,0.37561216544297493,0.033825305982949715,Delphinus,11,Delphinus,PMC_12_A15
0.6962712607793781,0.015235475401963954,0.015430579111402007,0.08564314872546816,0.027305260133348466,0.14070310714019135,0.019411168708248036,Delphinus,12,Delphinus,PMC_12_A15
0.5793899943050292,0.044076014741667634,0.021720456148085515,0.06033304653504835,0.0411369041165286,0.20910768840267388,0.04423589575096695,Delphinus,13,Delphinus,PMC_12_A15
0.36383148885534217,0.18699993039614174,0.03441486389989738,0.060270759122070944,0.0450637642370561,0.07806888460833848,0.2313503088811535,Delphinus,14,Delphinus,PMC_12_A15
0.4560799052579106,0.13264629672718167,0.02217231096292828,0.08284834634293475,0.11648392401610008,0.098838596752923,0.09093061994002191,Delphinus,15,Delphinus,PMC_12_A15
0.3767001379503312,0.1927504238681972,0.043294700866266515,0.054936412473681695,0.13356643467485915,0.06781719917474277,0.13093469099192148,Delphinus,16,Delphinus,PMC_12_A33
0.23404778486208694,0.08731395382898084,0.030422910531886352,0.1741006162640545,0.04840415864999741,0.2253571391852334,0.20035343667776087,Delphinus,17,Delphinus,PMC_12_A33
0.2753356704034594,0.04835286245062403,0.03242544930955702,0.09443799131014455,0.06220906993267819,0.3134771106297394,0.1737618459637973,S_longirostris,18,Delphinus,PMC_12_A33
0.20612457552974317,0.1441743079091229,0.06159340288221347,0.0402753369483965,0.2772167097134046,0.1469430179659815,0.12367264905113803,S_frontalis,19,Delphinus,PMC_12_A33
0.2842941817713726,0.08791804718828566,0.0656999983180502,0.14393246167856505,0.18753175281451595,0.09528564733856623,0.13533791089064437,Delphinus,20,Delphinus,PMC_12_A33
0.2470228897098196,0.14105625430308827,0.0626551495771624,0.04071144076481553,0.25257140735110906,0.13611561953869328,0.11986723875531193,S_frontalis,21,Delphinus,PMC_12_A33
0.5965368016589406,0.06170882616478338,0.045967977849263895,0.03151044879103735,0.0947279286266947,0.1069693343834984,0.06257868252578166,Delphinus,22,Delphinus,PMC_12_A33
0.07165096572546138,0.20551280779051953,0.01713612300920796,0.0334032536131995,0.4456509795735791,0.1347438574504828,0.09190201283754959,S_frontalis,23,Delphinus,PMC_12_A33
0.20819490453463246,0.0716998614713024,0.08830495288048763,0.014280954388299684,0.42764734241041347,0.05560129876369827,0.13427068555116656,S_frontalis,24,Delphinus,PMC_12_A33
0.018520833333333334,0.3610954707170224,0.23775114942528733,0.020245593869731803,0.15380433771209637,0.05925,0.14933261494252875,S_attenuata,25,Delphinus,PMC_12_A33
0.027329858843958343,0.03941452742880437,0.7117876248850364,0.011361535898717308,0.1177493109657636,0.018375434962968992,0.0739817070147509,S_bredanensis,26,Delphinus,PMC_12_A33
0.017729629629629626,0.012344593972854841,0.914828916494134,0.013399355877616747,0.01672222222222222,0.010729629629629629,0.014245652173913045,S_bredanensis,27,Delphinus,PMC_12_A33
0.3013281515777595,0.10308740313716813,0.014090019708870532,0.004970187099999892,0.3973358802028295,0.08030738578674368,0.09888097248662918,S_frontalis,28,Delphinus,PMC_12_A33
0.16069158814868803,0.19917577188444532,0.10394110388342973,0.07940928356352167,0.1740490612669156,0.077027717414662,0.20570547383833793,T_truncatus,29,Delphinus,PMC_12_A33
0.5049494130890357,0.05705565260681547,0.03131685788755409,0.0042838119586254665,0.24948567368049318,0.06278218862083149,0.09012640215664502,Delphinus,30,Delphinus,PMC_12_A33
0.03558137254901961,0.26733514258546226,0.617642180517692,0.006146632566069906,0.017505882352941177,0.004725490196078432,0.051063299232736566,S_bredanensis,31,Delphinus,PMC_12_A33
0.0447103348311625,0.05606962634950225,0.589139104881113,0.025388711108339335,0.14444786737209503,0.05048099073402665,0.08976336472376123,S_bredanensis,32,Delphinus,PMC_12_A33
0.5055281126828469,0.088880660367666,0.03732764307346776,0.055130503410148295,0.14995204016180716,0.07308957727032994,0.09009146303373385,Delphinus,33,Delphinus,PMC_12_A33
0.25790590600155094,0.25668028303910656,0.06112243037238388,0.026734023904943147,0.15580871328815413,0.10787551321087781,0.1338731301829836,Delphinus,34,Delphinus,PMC_12_A33
0.49264510333536776,0.12009368566915948,0.05302866133727019,0.0714353697928242,0.14355874676262342,0.06797888411204507,0.051259548990709884,Delphinus,35,Delphinus,PMC_12_A33
0.41344843931348246,0.08527195301264673,0.044574690861873247,0.05616469232284265,0.11895278034307703,0.06224498133801957,0.21934246280805836,Delphinus,36,Delphinus,PMC_12_A33
0.44854893233911625,0.1342195188786557,0.032576863297675035,0.11896178876808293,0.1336163128522,0.05785342563587944,0.07422315822839068,Delphinus,37,Delphinus,PMC_12_A33
0.33501399398537407,0.3287472138844288,0.015950152011761438,0.02226644740277169,0.07838430531291007,0.045301442715434515,0.17433644468731968,Delphinus,38,Delphinus,PMC_12_A33
0.25628002902195424,0.11378091397940074,0.041811649141205914,0.28778462436475494,0.10384584754481727,0.09245733189193789,0.10403960405592914,S_clymene,39,Delphinus,PMC_12_A33
0.48592864730919405,0.10401530568155545,0.020653115832384595,0.13626673673988188,0.10877018265052872,0.07555419132964988,0.06881182045680537,Delphinus,40,Delphinus,PMC_12_A33
0.4875485812648078,0.05344713658775703,0.09648525100268905,0.026840742978699924,0.12265504218963688,0.1379128737604974,0.07511037221591202,Delphinus,41,Delphinus,PMC_12_A33
0.18309488771293475,0.13544010095338954,0.0278978155277245,0.1366096659719825,0.27286782854521324,0.11329771737500847,0.13079198391374722,S_frontalis,42,Delphinus,PMC_12_A33
0.5628301158679253,0.06909037375684611,0.05368052680621888,0.03083591195218328,0.06484799064580464,0.12126418208701682,0.09745089888400536,Delphinus,43,Delphinus,PMC_12_A33
0.3213809673674117,0.08286866501075857,0.06179744940530565,0.026883796237782434,0.24496922371872745,0.16021829090131975,0.10188160735869467,Delphinus,44,Delphinus,PMC_12_A33
0.3058961098935862,0.07275871833276888,0.046533681976733424,0.010147159634381757,0.4053557837569633,0.08401028038223385,0.07529826602333302,S_frontalis,45,Delphinus,PMC_12_A33
0.5070536605008896,0.0847667155973776,0.03679674868962425,0.012464286715732423,0.25723251255272067,0.0154819178371471,0.08620415810650842,Delphinus,46,Delphinus,PMC_12_A33
0.012995091575091575,0.02155611736089997,0.9028672883296744,0.00014523809523809522,0.014731245421245423,0.00934715125454256,0.038357867963308055,S_bredanensis,47,Delphinus,PMC_12_A33
0.12099245221801523,0.253904699906514,0.010268798120118876,0.18420771325288618,0.2217875175544731,0.06046031670187396,0.14837850224611882,S_attenuata,48,Delphinus,PMC_12_A33
0.3138551036546769,0.13293554620096992,0.05058571983824085,0.11746510936177543,0.11569030054603217,0.0701916744921411,0.19927654590616367,Delphinus,49,Delphinus,PMC_12_A33
0.4564265883550071,0.13019082233171553,0.04429998244264708,0.07142315583290489,0.1363768751372435,0.08015196477169144,0.08113061112879054,Delphinus,50,Delphinus,PMC_12_A33
0.31791466635143995,0.09294891614393146,0.14616986701995816,0.019727068665845327,0.2875918149322072,0.05581302836423373,0.0798346385223841,Delphinus,51,Delphinus,PMC_12_A33
0.24130915783295664,0.12943855029554216,0.09618484760712512,0.0828583206974697,0.2732772645469515,0.026052740084566185,0.15087911893538922,S_frontalis,52,Delphinus,PMC_12_A33
0.6102866571749462,0.11522026984443268,0.028720277495587303,0.03560494511765554,0.10206076084928015,0.07084052887760754,0.037266560640490574,Delphinus,53,Delphinus,PMC_12_A33
0.3268437473373049,0.2945282897281576,0.031262643066735984,0.006622599798950481,0.1634257202341641,0.09080996899452329,0.0865070308401639,Delphinus,54,Delphinus,PMC_12_A33
0.24876898824949173,0.2754948486517737,0.08741082155021122,0.01764689957330568,0.18360123605719508,0.0727449123390819,0.11433229357894092,S_attenuata,55,Delphinus,PMC_12_A33
0.2613252723389681,0.12429940499039038,0.05768406268849957,0.024852165467182892,0.23719125456714793,0.16750203542201547,0.12714580452579555,Delphinus,56,Delphinus,PMC_12_A46
0.6210249216377842,0.031415677776700075,0.0285531640141972,0.04727108473649586,0.02707316809798732,0.19249908646232491,0.052162897274510456,Delphinus,57,Delphinus,PMC_12_A47
0.3979682051230631,0.09868978369691797,0.047461081342082045,0.024354932835687317,0.2495495315348798,0.08100829674823941,0.10096816871913092,Delphinus,58,Delphinus,PMC_12_A47
0.30487612136498293,0.13558982811445716,0.06630116004218832,0.05992913076763249,0.17192288917270035,0.10383560031804562,0.15754527021999348,Delphinus,59,Delphinus,PMC_12_A47
0.2670429329257341,0.06486602951133894,0.06402502339052046,0.2673379079894821,0.07590520276697904,0.12033542031895877,0.14048748309698686,S_clymene,60,Delphinus,PMC_12_A47
0.7142928917011753,0.03084587296687069,0.016897807477942436,0.05224152851073887,0.036604657243707074,0.09278836353612153,0.056328878563444366,Delphinus,61,Delphinus,PMC_12_A47
0.4261365273518153,0.14173521464581046,0.11442440661299598,0.06880236590373325,0.06571540084025708,0.0870868348069758,0.09609924983841275,Delphinus,62,Delphinus,PMC_12_A47
0.552264844684147,0.03469721362007905,0.021209004223794015,0.027954379118347576,0.10322217430834348,0.2186587594621136,0.04199362458317507,Delphinus,63,Delphinus,PMC_12_A47
0.4880579356680809,0.05565385192591526,0.09215485782366556,0.03079151121504682,0.11961262501193551,0.05256068829431781,0.16116853006103832,Delphinus,64,Delphinus,PMC_12_A47
0.10227062924170068,0.3744697183101657,0.04535257050470506,0.01855911272719213,0.22542139016267174,0.06013292205305026,0.17379365700051436,S_attenuata,65,Delphinus,PMC_12_A47
0.2735500490735529,0.1069280711193253,0.06395712444449124,0.20249886187411056,0.10763406336660991,0.10920325836473962,0.13622857175717096,Delphinus,66,Delphinus,PMC_12_A47
0.522137987233695,0.032272833451283796,0.028517684327741193,0.08201219656488273,0.06821147592996392,0.183571838814708,0.08327598367772553,Delphinus,67,Delphinus,PMC_12_A47
0.6852687484512835,0.0431747100945603,0.03070552485163999,0.032338595631679096,0.0553598907731136,0.12148678694993305,0.03166574324779045,Delphinus,68,Delphinus,PMC_12_A47
0.2558097535319756,0.20219211750274904,0.008392385783179206,0.05126475110571569,0.17985144444593254,0.21747884450499813,0.08501070312545013,Delphinus,69,Delphinus,PMC_12_A47
0.44516672516230815,0.10053387084213568,0.038977180759763815,0.007900497402621831,0.14426140014132824,0.09141982746855998,0.17174049822328274,Delphinus,70,Delphinus,PMC_12_A47
0.08441160414078472,0.2122012050021082,0.020719937502031157,0.18287051067076943,0.2468696653308206,0.06909579744817125,0.18383127990531503,S_frontalis,71,Delphinus,PMC_12_A47
0.3903359802905423,0.07723656958048325,0.0437776238226259,0.09063873032441395,0.2209824222092309,0.05680998077831963,0.12021869299438415,Delphinus,72,Delphinus,PMC_12_A47
0.04597793818923845,0.4099203200391038,0.0003980878103714087,0.20210171837897564,0.06372973906109874,0.2111502727329782,0.06672192378823381,S_attenuata,73,Delphinus,PMC_12_A47
0.2403037399842861,0.07846725205351973,0.19894772343800712,0.11068049051115214,0.14680438222787232,0.12842978834266475,0.09636662344249783,Delphinus,74,Delphinus,PMC_12_A47
0.04269561280246157,0.13583240761159796,0.012279734599846482,0.07424312653205824,0.48084988817909363,0.02255912872991728,0.23154010154502502,S_frontalis,75,Delphinus,PMC_12_A47
0.20229221723106355,0.12142407937838731,0.04066670616170062,0.006945580258434272,0.1914003472728851,0.28134802412102655,0.155923045576503,S_longirostris,76,Delphinus,PMC_12_A47
0.23584648900829047,0.21625437641670472,0.011479845145271778,0.07211331844037969,0.07076682801872043,0.05897945758721523,0.3345596853834176,T_truncatus,77,Delphinus,PMC_12_A47
0.40613012746882504,0.05127270188059794,0.15819811003281797,0.09204300930073304,0.05489643684479485,0.15665666257141278,0.08080295190081847,Delphinus,78,Delphinus,PMC_12_A47
0.40568653528563714,0.14379631846665428,0.05031830969946125,0.080796382890017,0.04173367733557762,0.05943431852397841,0.21823445779867454,Delphinus,79,Delphinus,PMC_12_A47
0.18981875515212085,0.11457832585695699,0.04358816483639258,0.06415319983957485,0.335358379343392,0.14156846985626342,0.11093470511529936,S_frontalis,80,Delphinus,PMC_12_A47
0.21298540939476257,0.13890891955709753,0.13780993628786362,0.014870271422832374,0.304921657291598,0.10837884904441328,0.08212495700143282,S_frontalis,81,Delphinus,PMC_12_A47
0.3205326385505642,0.08067269849879388,0.030793946836609014,0.025144429791054197,0.21634489656123024,0.22544502812459155,0.10106636163715704,Delphinus,82,Delphinus,PMC_12_A47
0.26937650740217295,0.07990834174796764,0.19836203193648,0.06776479879718876,0.04807923896249215,0.2528985121830418,0.08361056897065648,Delphinus,83,Delphinus,PMC_12_A47
0.3974874700830597,0.07041450696361222,0.042920997019015014,0.12091291784785968,0.14773600463347292,0.16300069735235215,0.05752740610062875,Delphinus,84,Delphinus,PMC_12_A47
0.11553349187547889,0.07235777725517006,0.01587114514177684,0.014234036008648579,0.0713959636226128,0.2960523587879285,0.41455522730838457,T_truncatus,85,Delphinus,PMC_12_A47
0.1400250479659415,0.16945932323901997,0.01792447568746852,0.2887814756991892,0.09284858344495771,0.08322614741554699,0.2077349465478763,S_clymene,86,Delphinus,PMC_12_A47
0.28869613211608247,0.2170479286521681,0.06882588290403885,0.04701075009526933,0.17361681754612318,0.020651863830627084,0.18415062485569114,Delphinus,87,Delphinus,PMC_12_A47
0.3477453406076155,0.06361317817221918,0.08470748738647081,0.06451361308948245,0.21944151065323084,0.0780255029225998,0.1419533671683818,Delphinus,88,Delphinus,PMC_12_A47
0.39208325699288193,0.09684178484181884,0.02925396492341252,0.04116591102012905,0.20784670743786898,0.15812495472598206,0.07468342005790665,Delphinus,89,Delphinus,PMC_12_A47
0.628021759088059,0.040518760493458233,0.01590675828030139,0.05040938519472848,0.04551977534206221,0.16008358154881572,0.05953998005257521,Delphinus,90,Delphinus,PMC_12_A47
0.36423696866857164,0.18646772834395858,0.06503772219645086,0.005107585124981987,0.1792931611447294,0.11102411599455392,0.08883271852675383,Delphinus,91,Delphinus,PMC_12_A47
0.11976078740998826,0.1687801774882613,0.031358616460586325,0.08230913323150033,0.13178233878643444,0.29839733118680367,0.16761161543642583,S_longirostris,92,Delphinus,PMC_12_A47
0.4887932900229062,0.04591100389369531,0.07616927460466225,0.08113228281024344,0.12706283451009423,0.10028770453527179,0.08064360962312699,Delphinus,93,Delphinus,PMC_12_A47
0.41677240252620906,0.07447316798245845,0.09169270581801205,0.09587371193835754,0.11195232223354258,0.12717979822144726,0.0820558912799732,Delphinus,94,Delphinus,PMC_12_A47
0.03436871353863255,0.319073806219327,0.007718768308569772,0.15126492934120897,0.130873375165689,0.21182291056767874,0.14487749685889403,S_attenuata,95,Delphinus,PMC_12_A47
0.17292851869636017,0.0964117075374337,0.023701237332007543,0.19985136401659415,0.2939936821492782,0.034782811872099945,0.1783306783962265,S_frontalis,96,Delphinus,PMC_12_A47
0.22511086651460538,0.14033052249110972,0.0021943605424118605,0.08998418658781342,0.040201270844688254,0.283512520611954,0.21866627240741784,S_longirostris,97,Delphinus,PMC_12_A62
0.18138149985522858,0.0751275904111047,0.019677956710606737,0.07871058678094617,0.09061209677823949,0.4482193549279193,0.10627091453595507,S_longirostris,98,Delphinus,PMC_12_A62
0.5663119267381288,0.1144354479033338,0.022634982095209928,0.024715181231901365,0.09509938412322375,0.10073418643970089,0.07606889146850128,Delphinus,99,Delphinus,PMC_12_A62
0.01561742732221254,0.10318751178336598,0.002766120218579235,0.753530327727937,0.027872837865356045,0.03134382645583712,0.06568194862671208,S_clymene,100,Delphinus,PMC_12_A62
0.3100082692998647,0.02511497922789272,0.2792666111546581,0.027182463559708117,0.03088521569890738,0.2399111001957293,0.0876313608632398,Delphinus,101,Delphinus,PMC_12_A62
0.5935017918329188,0.028334796723877214,0.05548253380322999,0.04133399181356341,0.06264859100033238,0.13183100808265213,0.0868672867434263,Delphinus,102,Delphinus,PMC_12_A62
0.3232357585189791,0.02283650525932769,0.23208443804801795,0.127992335129655,0.031586983702099614,0.1621739489076375,0.10009003043428308,Delphinus,103,Delphinus,PMC_12_A62
0.20990935318460452,0.14747449469221532,0.025163178345211763,0.33024310012482677,0.05862260758549724,0.13796551489145903,0.09062175117618558,S_clymene,104,Delphinus,PMC_12_A62
0.1194818230333395,0.12488082038374065,0.018124660883484515,0.14802390827572318,0.12391652532303155,0.3325487868293442,0.1330234752713368,S_longirostris,105,Delphinus,PMC_12_A62
0.3881727685088406,0.12779098193301422,0.02488668636829804,0.04332211661973092,0.03544566657940581,0.11053616367046919,0.26984561632024134,Delphinus,106,Delphinus,PMC_12_A62
0.19459150898341748,0.17916217836627385,0.29031598281354465,0.048093053350270816,0.08667786839040405,0.07568940922143833,0.125469998874651,S_bredanensis,107,Delphinus,PMC_12_A62
0.4220770015617117,0.08240552361684424,0.022419319316603483,0.08835559753641088,0.24133334044924082,0.051694515371281634,0.09171470214790724,Delphinus,108,Delphinus,PMC_12_A62
0.11277557920061426,0.3158509308581993,0.00984031276631972,0.0506454628597618,0.3298104260519201,0.055673560695417526,0.12540372756776771,S_frontalis,109,Delphinus,PMC_12_A62
0.481763136037707,0.05411654996470578,0.060901559946385776,0.05585665406254456,0.1588083601676388,0.11687333534044973,0.07168040448056823,Delphinus,110,Delphinus,PMC_12_A62
0.3920238153833733,0.07656874574640529,0.06569288882140217,0.030410728665198748,0.22683578748150296,0.1412430039423144,0.06722502995980348,Delphinus,111,Delphinus,PMC_12_A62
0.3343963310557972,0.15502711625649168,0.04895397585323159,0.19112941248223048,0.05754280032324705,0.08720225075995995,0.12574811326904242,Delphinus,112,Delphinus,PMC_3_A68
0.23870463739567807,0.21341641162431924,0.01082957116332867,0.12898404245481987,0.04619248716746683,0.15958505930424588,0.20228779089014173,Delphinus,113,Delphinus,PMC_3_A68
0.3768046820674307,0.1715608424156707,0.0400509655588527,0.15159457981348343,0.0519808866418617,0.1044568473086031,0.10355119619409808,Delphinus,114,Delphinus,PMC_3_A68
0.4373863584624757,0.08470701221300868,0.03828796041972517,0.016539414372994426,0.12666317871009136,0.0602857967855067,0.2361302790361984,Delphinus,115,Delphinus,PMC_3_A68
0.04000158622341046,0.34682972215336605,0.018623236971543358,0.004461146596045246,0.08227569078062365,0.28929046437095485,0.21851815290405632,S_attenuata,116,Delphinus,PMC_3_A68
0.4912117309626586,0.09597808721699697,0.043169743644910795,0.079848624586676,0.0647731893841225,0.08834983930711125,0.13666878489752418,Delphinus,117,Delphinus,PMC_6_A51
0.4917569563907628,0.13024599548510288,0.06111240605054113,0.03147073372204049,0.14241080624678873,0.055636477569781614,0.0873666245349827,Delphinus,118,Delphinus,PMC_6_A51
0.23458192989802923,0.07354237542547926,0.06189916410637786,0.2872382297500075,0.09481762435571522,0.12678857307554273,0.12113210338884865,S_clymene,119,Delphinus,PMC_6_A51
0.2413140133645474,0.2509242763900327,0.01566415674412222,0.010127199802867377,0.14304369697368963,0.22936466335562258,0.10956199336911844,S_attenuata,120,Delphinus,PMC_6_A51
0.34615815962307495,0.05204225108646446,0.059682979231165174,0.07664627731875279,0.2055703122204735,0.10370193645946753,0.15619808406060173,Delphinus,121,Delphinus,PMC_6_A51
0.5156255530364612,0.06187452063866151,0.016452290097633902,0.05566854758369386,0.06477156920566157,0.22478220847165448,0.06082531096623344,Delphinus,122,Delphinus,PMC_6_A51
0.4970551796629406,0.07073770749281978,0.11425384962388666,0.040988800937012265,0.02075349549518153,0.10237737598374048,0.15383359080441847,Delphinus,123,Delphinus,PMC_6_A51
0.4591973324774192,0.042127044868286785,0.012745921606055644,0.01625637942966064,0.02134406223318331,0.21901451844708317,0.22931474093831106,Delphinus,124,Delphinus,PMC_6_A51
0.12172118182693517,0.11353722179392961,0.03770315541690975,0.11714487013933153,0.4109294189634933,0.05475920148932652,0.14420495037007433,S_frontalis,125,Delphinus,PMC_6_A51
0.471791318083053,0.04963781878891999,0.017494592157255937,0.0242680820651164,0.06785457270984642,0.32873236279096135,0.04022125340484715,Delphinus,126,Delphinus,PMC_6_A51
0.09646004994679691,0.1218840170440174,0.004564120876679977,0.01409239036497466,0.10612605264862107,0.4417238270896417,0.21514954202926861,S_longirostris,127,Delphinus,PMC_6_A51
0.40270194952910493,0.11988678053493607,0.04180794842014355,0.049354651573524914,0.17373424903179885,0.07599774125813959,0.13651667965235215,Delphinus,128,Delphinus,PMC_6_A51
0.47007271086571,0.03219099720252808,0.028531479032272197,0.046239977379496644,0.0784120711098689,0.18827876787527256,0.15627399653485155,Delphinus,129,Delphinus,PMC_6_A51
0.38426459984447364,0.054924103748411626,0.020588711218448106,0.06579427295929184,0.05282731697260454,0.3103571335966832,0.11124386166008739,Delphinus,130,Delphinus,PMC_6_A51
0.36397230164944594,0.07305691619568552,0.035924111185271834,0.05832803329980941,0.19104089550901882,0.1596842078484927,0.11799353431227624,Delphinus,131,Delphinus,PMC_6_A51
0.5696440225417168,0.07500312080342678,0.029570575839986277,0.083885973918288,0.07933194878092215,0.1130978494128409,0.04946650870281958,Delphinus,132,Delphinus,PMC_6_A51
0.7123391352190133,0.02213838995178829,0.0098363161271159,0.03261323024360057,0.03748284205950052,0.16966850119548296,0.015921585203498383,Delphinus,133,Delphinus,PMC_6_A51
0.2370984327526053,0.0793309686485251,0.07905260319011638,0.10581851307370374,0.2787960297220582,0.08873920779037094,0.1311642448226207,S_frontalis,134,Delphinus,PMC_6_A51
0.254310940797814,0.08029109458170898,0.024304129574764383,0.23882448039512819,0.1964423377505312,0.12435266591985913,0.08147435098019452,Delphinus,135,Delphinus,PMC_6_A51
0.18745576422001137,0.1987114905030792,0.040709517873452,0.08107245112284815,0.2604650810821983,0.11949617275820151,0.11208952244021,S_frontalis,136,Delphinus,PMC_6_A51
0.34830255700488005,0.18303439827724446,0.046456968309282046,0.007113425760055891,0.12777339632452409,0.16293528401113805,0.12438397031287572,Delphinus,137,Delphinus,PMC_6_A51
0.38846174242750386,0.08425960400713203,0.04071108977163863,0.02405537608906508,0.2922347742053158,0.11058487640007743,0.05969253709926752,Delphinus,138,Delphinus,PMC_6_A51
0.44489119784479814,0.05116916310174428,0.022290816095050164,0.036399734108087285,0.12210810032909546,0.23194568916749622,0.09119529935372847,Delphinus,139,Delphinus,PMC_6_A51
0.4105414267561521,0.06221861114263436,0.05955823147272923,0.10638044780362198,0.15244854109342998,0.09642816273633406,0.11242457899509817,Delphinus,140,Delphinus,PMC_6_A51
0.40848470735305403,0.02764866755526147,0.022793148559714295,0.17639785723619725,0.13548718538148916,0.1348601591379148,0.09432827477636921,Delphinus,141,Delphinus,PMC_6_A51
0.40493324037059425,0.10117700047929386,0.01779782818328364,0.010658404530711166,0.1254309833636523,0.2622691428017118,0.0777334002707532,Delphinus,142,Delphinus,PMC_6_A51
0.5734717602672517,0.032819290050080906,0.027063694468728684,0.03669302985291969,0.06777274519888063,0.20335752491154913,0.05882195525058984,Delphinus,143,Delphinus,PMC_6_A51
0.3851146073546333,0.08518306528622688,0.029969417921739724,0.1492881872573657,0.06726462746561919,0.1865001432173671,0.09667995149704792,Delphinus,144,Delphinus,PMC_6_A51
0.6906858424020246,0.05836053459401059,0.04614316183314956,0.015035472837301512,0.07527113342970221,0.0519247531595319,0.06257910174427951,Delphinus,145,Delphinus,PMC_6_A51
0.3728843849360819,0.0882578032990142,0.03808164391924359,0.058595922219194525,0.16980501209609722,0.1566819139980327,0.11569331953233618,Delphinus,146,Delphinus,PMC_6_A51
0.24370279999200575,0.06388688717122212,0.01174703558971336,0.03205534551652404,0.015067605276788913,0.3169159648760723,0.3166243615776733,S_longirostris,147,Delphinus,PMC_6_A51
0.16377587480808295,0.2484741289366619,0.01039988016337265,0.11695718844115648,0.016927463633732754,0.1437428133612913,0.29972265065570264,T_truncatus,148,Delphinus,PMC_6_A51
0.25770003749745024,0.11666483715280893,0.03442849132811694,0.08294855984662966,0.18653462423072645,0.1515730387923791,0.17015041115188875,Delphinus,149,Delphinus,PMC_6_A51
0.318696913770482,0.040923603096225426,0.008788651818765153,0.04232656772072745,0.08262240554483755,0.42746496441914905,0.07917689362981352,S_longirostris,150,Delphinus,PMC_6_A51
0.5672217417267307,0.04108900557955959,0.017662495772464638,0.016411450674789326,0.09087467161108405,0.21286484885839357,0.05387578577697825,Delphinus,151,Delphinus,PMC_6_A51
0.0699543831564263,0.09541065089200489,0.005528421420606336,0.5180088873426318,0.159917885646931,0.0572413279443094,0.09393844359709022,S_clymene,152,Delphinus,PMC_6_A51
0.4798065273313299,0.10601255933499337,0.05814703285964359,0.03681447032386215,0.18233227519387105,0.05339613427755317,0.08349100067874701,Delphinus,153,Delphinus,PMC_6_A51
0.46123145589820536,0.04594182265483903,0.07111783163860509,0.07052144954944671,0.12503454572973074,0.10313702971462685,0.12301586481454632,Delphinus,154,Delphinus,PMC_6_A51
0.2776667797577023,0.3022494623656071,0.00946584785087885,0.04211730896520583,0.09530004065322624,0.19997209931605897,0.07322846109132063,S_attenuata,155,Delphinus,PMC_6_A51
0.7312197146641702,0.07474261683640496,0.026235455859225414,0.013239553404153899,0.03547910522014501,0.0347718522940088,0.08431170172189179,Delphinus,156,Delphinus,PMC_6_A51
0.3231065539657609,0.09979620286470958,0.05965951812856117,0.1233616250278218,0.21283179658405907,0.03823999808298264,0.14300430534610503,Delphinus,157,Delphinus,PMC_9_A102
0.6000232919538482,0.08786177263211921,0.02168905581958591,0.03273253579406016,0.01924842493951194,0.10385027774543854,0.13459464111543654,Delphinus,158,Delphinus,PMC_9_A102
0.41978315087806006,0.06734914297337036,0.04224523614742518,0.052946119136303635,0.08159288031903172,0.21489816304039616,0.12118530750541329,Delphinus,159,Delphinus,PMC_9_A102
0.11733801040607231,0.1222684213154738,0.014516109311627733,0.14148575703757157,0.08640894270529968,0.1755752548281119,0.34240750439584283,T_truncatus,160,Delphinus,PMC_9_A102
0.3713834498151353,0.16611463632778592,0.01898545001602868,0.08616368927815743,0.061103879590336016,0.10257209316382408,0.19367680180873253,Delphinus,161,Delphinus,PMC_9_A102
0.022721027051887284,0.20130064961177713,0.009910345330753838,0.3992585729559158,0.05204969644941849,0.2151494636408039,0.09961024495944377,S_clymene,162,Delphinus,PMC_9_A102
0.3425548466143183,0.2182557843677957,0.06373089504224083,0.009099307563680468,0.17372631275537692,0.08214016376141432,0.11049268989517361,Delphinus,163,Delphinus,PMC_9_A102
0.2583217822231331,0.10098240588013074,0.04475344192588545,0.22089399494298922,0.15976443157407774,0.08329512474834455,0.13198881870543908,Delphinus,164,Delphinus,PMC_9_A102
0.16182296080242486,0.18083793861378544,0.011566715526355489,0.1735291266530784,0.13483733426524822,0.18701367933659035,0.1503922448025174,S_longirostris,165,Delphinus,PMC_9_A102
0.3348802180812973,0.09772604654546173,0.04017647923083688,0.011464202959021218,0.1812433704971265,0.17335718853847468,0.161152494147782,Delphinus,166,Delphinus,PMC_9_A102
0.18255324546226995,0.04948195516341258,0.06495037761276785,0.09503823357437216,0.32461950652452876,0.16395364785173894,0.11940303381090982,S_frontalis,167,Delphinus,PMC_9_A102
0.5114560865981485,0.042900820029017,0.04791813520889191,0.03392306174107957,0.128565257539343,0.16893427621493293,0.06630236266858737,Delphinus,168,Delphinus,PMC_9_A102
0.5703082943970222,0.05348172658029562,0.0976675702931803,0.04933855292921448,0.07809403970229381,0.08353826818819432,0.06757154790979925,Delphinus,169,Delphinus,PMC_9_A102
0.7130491062892605,0.04510138417990376,0.029691073847599676,0.019034983085277356,0.020986538133939116,0.08807679461506669,0.0840601198489527,Delphinus,170,Delphinus,PMC_9_A102
0.4118777397018691,0.19003773510522984,0.01139334441764102,0.04813804418063253,0.02350563026940569,0.15951992834501327,0.1555275779802085,Delphinus,171,Delphinus,PMC_9_A102
0.49040730666044025,0.05115031912774248,0.05801655316099037,0.08109554806276793,0.08213202587092149,0.11863552780116662,0.11856271931597082,Delphinus,172,Delphinus,PMC_9_A102
0.06071789994137179,0.18392524019912765,0.006706703861767993,0.15093259281603016,0.015997100312553227,0.19884348163008586,0.38287698123906333,T_truncatus,173,Delphinus,PMC_9_A102
0.5023040795052961,0.08991776649128493,0.0790799855092377,0.05730605318643378,0.07015959513333704,0.07459133700942333,0.12664118316498746,Delphinus,174,Delphinus,PMC_9_A102
0.363763727073182,0.08898440963580075,0.03322574486270474,0.1491769303960607,0.12169980096094175,0.12001786739298584,0.12313151967832477,Delphinus,175,Delphinus,PMC_9_A102
0.15155249379454266,0.21954246233364294,0.04162375912581916,0.1293647968706545,0.16690496530381788,0.0570119494496152,0.2339995731219079,T_truncatus,176,Delphinus,PMC_9_A102
0.11863942686153664,0.1879108870238551,0.009408810172548129,0.3866326279106806,0.1501559557061413,0.08341926745067937,0.06383302487455927,S_clymene,177,Delphinus,PMC_9_A102
0.2839971151443779,0.08365162129422982,0.197934840004705,0.042281900116873064,0.1884827599496064,0.09293591879986833,0.11071584469033961,Delphinus,178,Delphinus,PMC_9_A102
0.19349975600469826,0.1719196994137272,0.06538940788442933,0.144255837030664,0.1505035420194914,0.12981233838691242,0.1446194192600781,Delphinus,179,Delphinus,PMC_9_A102
0.19302557930746997,0.07702327269913369,0.04120126932675183,0.1952798782356213,0.2989003469757555,0.06900361192583235,0.12556604152943532,S_frontalis,180,Delphinus,PMC_9_A102
0.1667105227359492,0.15451750803976447,0.021109256687058174,0.038294958929466515,0.0966556769098657,0.38683211914829024,0.13587995754960594,S_longirostris,181,Delphinus,PMC_9_A102
0.1082307660783644,0.12310641440783457,0.013641436255303589,0.28314762700209684,0.156585446575157,0.0616619822561044,0.25362632742513924,S_clymene,182,Delphinus,PMC_9_A102
0.28870695240929717,0.07725714041569261,0.02289909383507075,0.055156977212583704,0.18081918143988276,0.3168559766692536,0.05830467801821968,S_longirostris,183,Delphinus,PMC_9_A102
0.1466764005151787,0.13295606600530221,0.029555922842154133,0.14436032804922716,0.09830025576263851,0.22001397980721557,0.2281370470182838,T_truncatus,184,Delphinus,PMC_9_A102
0.054753931545886286,0.3923983445030186,0.029764858740027614,0.08885187412791185,0.09584576747819708,0.16688961828049886,0.17149560532445995,S_attenuata,185,Delphinus,PMC_9_A102
0.6056020195767013,0.046390835447778896,0.01132102174053739,0.07795576914438815,0.05753176996758673,0.12660145251176003,0.07459713161124812,Delphinus,186,Delphinus,PMC_9_A102
0.265952369295322,0.06633216865485803,0.036213909672694874,0.1591531919535776,0.13776803963683115,0.2167898452294041,0.1177904755573123,Delphinus,187,Delphinus,PMC_9_A102
0.028760775375024507,0.13499648512114146,0.0035656289635251767,0.19378264115618038,0.015618913422935931,0.5045861158398215,0.11868944012137102,S_longirostris,188,Delphinus,PMC_9_A102
0.5169321047498395,0.05549118819088283,0.08125597789653424,0.027543298239864046,0.11346090042385269,0.10175882062022823,0.10355770987879898,Delphinus,189,Delphinus,PMC_9_A102
0.6601599430302798,0.04128047730284617,0.023676733423841093,0.042655080089424736,0.052771553733393865,0.11692822859407973,0.0625279838261352,Delphinus,190,Delphinus,PMC_9_A102
0.24483251448350596,0.045611318384402647,0.028222362565864644,0.21488002067780537,0.10273805362158814,0.20946593010208656,0.1542498001647469,Delphinus,191,Delphinus,PMC_9_A102
0.39250922815521455,0.03333448447769108,0.19955010939472706,0.15563996937336252,0.06287208779144662,0.061646899557119175,0.09444722125043901,Delphinus,192,Delphinus,PMC_9_A102
0.3106734754439397,0.018011555591022875,0.028167642957567223,0.37368503458238406,0.08969946651495689,0.07742719619971188,0.10233562871041765,S_clymene,193,Delphinus,PMC_9_A102
0.5344149559365099,0.046140502177952354,0.08568771288412387,0.046138500410439195,0.11682934132652945,0.07637088258881572,0.09441810467562976,Delphinus,194,Delphinus,PMC_9_A102
0.6294038184415189,0.05889776066334484,0.044674032136419496,0.0366142512746883,0.04458766844696313,0.08033495033230115,0.10548751870476455,Delphinus,195,Delphinus,PMC_9_A102
0.5592400867687565,0.0974121387829231,0.04280235368619938,0.10006982767778091,0.01584124445463391,0.09507177559868189,0.0895625730310244,Delphinus,196,Delphinus,PMC_9_A102
0.03375462470443224,0.32686645944294457,0.007366666666666667,0.15108368712868772,0.1372176055343367,0.15243499846774866,0.19127595805518363,S_attenuata,197,S_attenuata,Per_02_A05
0.025593036154402723,0.017626020097144996,0.00336,0.1941850173188621,0.04651280808067172,0.4372438260372441,0.27547929231167423,S_longirostris,198,S_attenuata,Per_02_A05
0.12027281435408216,0.11061399426428528,0.01331549049650945,0.14627233811660306,0.04358233351351983,0.3658670280029244,0.20007600125207595,S_longirostris,199,S_attenuata,Per_02_A05
0.11361258025544366,0.012991346305115134,0.7033969088554788,0.03891553142034887,0.049237440221143444,0.014073129298434638,0.06777306364403544,S_bredanensis,200,S_attenuata,Per_02_A05
0.024714470284237726,0.02174457926075722,0.9084840678645028,0.0,0.0028346253229974165,0.010086852199592341,0.032135405067912653,S_bredanensis,201,S_attenuata,Per_02_A05
0.008675,0.00225,0.9439534123770965,0.017,0.00065,0.005225,0.02224658762290341,S_bredanensis,202,S_attenuata,Per_02_A05
0.16951915492662795,0.07941335983174722,0.013588480115890565,0.34774949967536434,0.06486311580450477,0.2450888439168165,0.07977754572904863,S_clymene,203,S_attenuata,Per_02_A05
0.10418452472128002,0.04449342399136641,0.06491955006056076,0.11580793496318137,0.4833987043746054,0.061688968292982024,0.125506893596024,S_frontalis,204,S_attenuata,Per_02_A05
0.22365117116494537,0.06239943396295563,0.04666206200081805,0.27185503765641655,0.12547325813414476,0.2059028135699117,0.06405622351080814,S_clymene,205,S_attenuata,Per_02_A05
0.038887504346718525,0.37530662089262784,0.003214561529129961,0.26698702750271364,0.015280361242303163,0.11454073527163186,0.18578318921487502,S_attenuata,206,S_attenuata,Per_02_A05
0.16344097775532546,0.16734482310989024,0.013622876484000778,0.09300853073561498,0.10014649277766874,0.09852357709215659,0.3639127220453434,T_truncatus,207,S_attenuata,Per_02_A05
0.06415816861090326,0.5573193131721595,0.0029747117164852345,0.009308830007295774,0.051573964599726414,0.27151312222585433,0.04315188966757548,S_attenuata,208,S_attenuata,Per_02_A05
0.1715663827892415,0.28049531963375696,0.06293771555055142,0.04285075179373465,0.14801797684302606,0.14531903812163255,0.14881281526805692,S_attenuata,209,S_attenuata,Per_02_A05
0.11821439708348003,0.11532590118614214,0.006921640854221775,0.4964001653947592,0.045017439849617806,0.10611837911674665,0.11200207651503269,S_clymene,210,S_attenuata,Per_02_A05
0.06599205040486888,0.2374744726846172,0.004084183748362561,0.1248393927485182,0.0641981095634578,0.35902377978603195,0.1443880110641438,S_longirostris,211,S_attenuata,Per_02_A05
0.1169710148491289,0.12187659438625868,0.024333141641214053,0.11854743977756288,0.21163862430496153,0.1592356697149734,0.2473975153259007,T_truncatus,212,S_attenuata,Per_02_A05
0.07931841496362292,0.25811094838892895,0.0242016857620502,0.015636582417351618,0.42741535827368027,0.08947404833860373,0.10584296185576227,S_frontalis,213,S_attenuata,Per_02_A05
0.1614207074351391,0.22232653034818542,0.02766402312350708,0.11577797546180892,0.14544672640873904,0.18305509861851882,0.14430893860410166,S_attenuata,214,S_attenuata,Per_02_A05
0.11796426542587324,0.11972047240392603,0.015552918280549858,0.24293933769113532,0.04415582779398568,0.3505528097829298,0.10911436862160023,S_longirostris,215,S_attenuata,Per_02_A05
0.07835689766531431,0.2778181470050552,0.03517779517817481,0.008543317823188826,0.37419840086281236,0.09672944945656628,0.1291759920088884,S_frontalis,216,S_attenuata,Per_02_A05
0.16835879474960252,0.15252057640245584,0.01893089457460433,0.04038724300520485,0.12917237717990604,0.2736627281096183,0.21696738597860846,S_longirostris,217,S_attenuata,Per_02_A05
0.05437001262739821,0.26966091201163733,0.021718414869247613,0.23048116891581963,0.10851935226054482,0.2228500267893661,0.09240011252598646,S_attenuata,218,S_attenuata,Per_02_A05
0.06068146440751673,0.1391929384924133,0.026262936796550496,0.006389020612104569,0.5988639055469622,0.057745496927539504,0.11086423721691305,S_frontalis,219,S_attenuata,Per_02_A05
0.3664731410244841,0.11302854282054373,0.061905499381845835,0.0445366439293532,0.18339762873425847,0.12750821861834163,0.10315032549117342,Delphinus,220,S_attenuata,Per_02_A05
0.022858201633508914,0.16619874451938277,0.0003531178545130411,0.4945249837140389,0.038183350168101586,0.19444650596857285,0.08343509614188163,S_clymene,221,S_attenuata,Per_02_A05
0.044888365613152285,0.14682551172214345,0.005997936298673326,0.1346105052352927,0.02388482996594058,0.23334701765360275,0.4104458335111949,T_truncatus,222,S_attenuata,Per_02_A05
0.05251370904877409,0.276576352360661,0.02235136195916325,0.01657597409407937,0.25911538898095215,0.16206786808995527,0.210799345466415,S_attenuata,223,S_attenuata,Per_02_A05
0.054214868347643726,0.4504612431214547,0.0017200514527424176,0.07350768057541787,0.07720230485427515,0.23504452648486582,0.10784932516360012,S_attenuata,224,S_attenuata,Per_02_A05
0.09273787659896597,0.5677127925725541,0.01579388730594364,0.015243474730097422,0.10793272305149995,0.08761724960769675,0.11296199613324222,S_attenuata,225,S_attenuata,Per_02_A05
0.07404777565261454,0.24002306986074462,0.001731919559809394,0.2163294467973651,0.04722698099270115,0.34512955069184287,0.07551125644492232,S_longirostris,226,S_attenuata,Per_02_A05
0.029666293416937654,0.35599327950955084,0.006052634411126991,0.1192407269083041,0.026039626958534685,0.31008821261028935,0.15291922618525672,S_attenuata,227,S_attenuata,Per_02_A05
