Delphinus_KFOLD_5,S_attenuata_KFOLD_5,S_bredanensis_KFOLD_5,S_clymene_KFOLD_5,S_frontalis_KFOLD_5,S_longirostris_KFOLD_5,T_truncatus_KFOLD_5,Species_Classification,UID,KnownSpecies,EncounterNumber
0.48058549783549787,0.02311635944700461,0.03517857142857143,0.27001026392961874,0.035238095238095235,0.025454545454545455,0.13041666666666665,Delphinus,0,Delphinus,PMC_12_A15
0.4755654761904762,0.06452380952380952,0.015089285714285715,0.28,0.05267857142857142,0.04214285714285714,0.07,Delphinus,1,Delphinus,PMC_12_A15
0.3023119658119658,0.08051282051282051,0.0352,0.28820833333333334,0.06967948717948719,0.0675,0.15658739316239317,Delphinus,2,Delphinus,PMC_12_A15
0.5843266081635217,0.07514211653555916,0.035277777777777776,0.028758204141188872,0.07158730158730159,0.025523679417122035,0.17938431237752883,Delphinus,3,Delphinus,PMC_12_A15
0.6976732295482296,0.11683531746031744,0.0001282051282051282,0.04694444444444445,0.0063675213675213685,0.05166666666666666,0.08038461538461539,Delphinus,4,Delphinus,PMC_12_A15
0.6800474363276298,0.02028294573643411,0.015333333333333332,0.01767241379310345,0.029282945736434113,0.13662721910271292,0.10075370597035224,Delphinus,5,Delphinus,PMC_12_A15
0.5099583333333334,0.035,0.030625,0.21179166666666668,0.11,0.055625,0.047,Delphinus,6,Delphinus,PMC_12_A15
0.4697179865376537,0.17639787247636082,0.031303571428571424,0.040172413793103455,0.06737658126756964,0.05061401337569141,0.16441756112104947,Delphinus,7,Delphinus,PMC_12_A15
0.5049711290001987,0.13074947823494334,0.015,0.010232558139534885,0.020769230769230766,0.0692749329159213,0.24900267094017095,Delphinus,8,Delphinus,PMC_12_A15
0.29555555555555557,0.1392857142857143,0.035,0.21736111111111112,0.10126984126984126,0.07041666666666667,0.1411111111111111,Delphinus,9,Delphinus,PMC_12_A15
0.44020771911015816,0.1151923076923077,0.01,0.01644230769230769,0.02,0.24178861788617886,0.15636904761904763,Delphinus,10,Delphinus,PMC_12_A15
0.33977421271538916,0.055,0.05857142857142858,0.026547619047619046,0.015,0.44678134284016635,0.05832539682539682,S_longirostris,11,Delphinus,PMC_12_A15
0.5325,0.02,0.005,0.01,0.0425,0.37,0.02,Delphinus,12,Delphinus,PMC_12_A15
0.7118571428571427,0.010238095238095237,0.013500000000000002,0.025238095238095237,0.04,0.16916666666666663,0.03,Delphinus,13,Delphinus,PMC_12_A15
0.37674557449608687,0.17608451617826618,0.010625,0.02617126043355551,0.10240167124542124,0.03577472988077496,0.2721972477658953,Delphinus,14,Delphinus,PMC_12_A15
0.35060557644110274,0.06533333333333333,0.03944444444444445,0.0825,0.11599999999999999,0.02986810776942356,0.3162485380116959,Delphinus,15,Delphinus,PMC_12_A15
0.3862552447552447,0.145,0.0925,0.055,0.07586013986013987,0.08038461538461539,0.165,Delphinus,16,Delphinus,PMC_12_A33
0.2703333333333333,0.05640625,0.02,0.13033333333333333,0.05,0.2594270833333333,0.21350000000000002,Delphinus,17,Delphinus,PMC_12_A33
0.3761507936507937,0.045,0.01,0.06884920634920634,0.025,0.35,0.125,Delphinus,18,Delphinus,PMC_12_A33
0.4237651155323789,0.10631262939958593,0.07616883116883116,0.055,0.10872294372294374,0.18788762303340306,0.04214285714285714,Delphinus,19,Delphinus,PMC_12_A33
0.28691964285714283,0.12541666666666668,0.04175595238095238,0.06114583333333334,0.3289285714285714,0.08,0.07583333333333334,S_frontalis,20,Delphinus,PMC_12_A33
0.463637987012987,0.08556565656565657,0.05295454545454545,0.02063311688311688,0.21716603535353535,0.1260704365079365,0.03397222222222222,Delphinus,21,Delphinus,PMC_12_A33
0.566895358739621,0.04053977272727272,0.03216666666666666,0.05590419416648924,0.1322026515151515,0.09099726775956285,0.08129408842523596,Delphinus,22,Delphinus,PMC_12_A33
0.08629310344827587,0.2332435344827586,0.020484913793103448,0.0253125,0.3793610547667343,0.14643635902636917,0.10886853448275861,S_frontalis,23,Delphinus,PMC_12_A33
0.22064081996434937,0.0941299019607843,0.04278409090909091,0.04091911764705882,0.4016085115864528,0.06284313725490195,0.13707442067736186,S_frontalis,24,Delphinus,PMC_12_A33
0.295,0.165,0.365,0.005,0.095,0.0,0.075,S_bredanensis,25,Delphinus,PMC_12_A33
0.24,0.025,0.455,0.005,0.175,0.0,0.1,S_bredanensis,26,Delphinus,PMC_12_A33
0.23,0.005,0.71,0.0,0.0,0.005,0.05,S_bredanensis,27,Delphinus,PMC_12_A33
0.33644466403162054,0.1153409090909091,0.015227272727272726,0.020454545454545454,0.4250879446640316,0.04021739130434783,0.047227272727272736,S_frontalis,28,Delphinus,PMC_12_A33
0.29,0.1261904761904762,0.12319047619047618,0.026000000000000002,0.1499047619047619,0.09,0.19471428571428573,Delphinus,29,Delphinus,PMC_12_A33
0.5762850482850482,0.11065476190476192,0.025,0.0002380952380952381,0.2019604562104562,0.054662004662004667,0.0311996336996337,Delphinus,30,Delphinus,PMC_12_A33
0.08,0.015,0.85,0.005,0.025,0.005,0.02,S_bredanensis,31,Delphinus,PMC_12_A33
0.095,0.005,0.49,0.095,0.095,0.04,0.18,S_bredanensis,32,Delphinus,PMC_12_A33
0.2825,0.12,0.06,0.12,0.13,0.1075,0.18,Delphinus,33,Delphinus,PMC_12_A33
0.36,0.085,0.07,0.015,0.285,0.07,0.115,Delphinus,34,Delphinus,PMC_12_A33
0.42391666666666666,0.09,0.03,0.07,0.061916666666666675,0.04166666666666666,0.2825,Delphinus,35,Delphinus,PMC_12_A33
0.195,0.14,0.035,0.085,0.15,0.055,0.34,T_truncatus,36,Delphinus,PMC_12_A33
0.34166666666666673,0.14,0.055,0.125,0.06166666666666667,0.09666666666666668,0.18,Delphinus,37,Delphinus,PMC_12_A33
0.26895833333333335,0.12416666666666666,0.04,0.1,0.284375,0.0125,0.17,S_frontalis,38,Delphinus,PMC_12_A33
0.294451092512139,0.07378935599284436,0.05,0.38549999999999995,0.08940199335548173,0.05174127906976745,0.05511627906976744,S_clymene,39,Delphinus,PMC_12_A33
0.18,0.11,0.02,0.21,0.125,0.1,0.255,T_truncatus,40,Delphinus,PMC_12_A33
0.5001410578419216,0.03637452561669829,0.10644916239674306,0.04707983193277311,0.1088710359183744,0.15149905123339658,0.04958533506009287,Delphinus,41,Delphinus,PMC_12_A33
0.09050000000000001,0.14408333333333334,0.0,0.095,0.235,0.29,0.14541666666666667,S_longirostris,42,Delphinus,PMC_12_A33
0.5939523914240894,0.04616204975579976,0.11517857142857142,0.020560994560994562,0.12155555555555556,0.08178686584641773,0.020803571428571428,Delphinus,43,Delphinus,PMC_12_A33
0.46401440635866864,0.049706439393939386,0.05666666666666667,0.07561847988077496,0.15870265151515153,0.06166393442622951,0.1336274217585693,Delphinus,44,Delphinus,PMC_12_A33
0.4527916666666667,0.025125,0.021666666666666664,0.0,0.3597619047619047,0.05523809523809524,0.08541666666666665,Delphinus,45,Delphinus,PMC_12_A33
0.5278333333333334,0.065,0.0405,0.015,0.26166666666666666,0.005,0.085,Delphinus,46,Delphinus,PMC_12_A33
0.27,0.035,0.66,0.01,0.005,0.005,0.015,S_bredanensis,47,Delphinus,PMC_12_A33
0.115,0.155,0.03,0.125,0.16,0.135,0.28,T_truncatus,48,Delphinus,PMC_12_A33
0.3343055555555556,0.07541666666666667,0.065,0.13,0.065,0.1751388888888889,0.15513888888888888,Delphinus,49,Delphinus,PMC_12_A33
0.625,0.04666666666666667,0.055,0.021666666666666664,0.155,0.04,0.05666666666666667,Delphinus,50,Delphinus,PMC_12_A33
0.3587031484257871,0.054000000000000006,0.14977961019490257,0.02,0.30718390804597706,0.035,0.07533333333333334,Delphinus,51,Delphinus,PMC_12_A33
0.2719992784992785,0.10177777777777777,0.09564285714285713,0.12718073593073592,0.13902597402597403,0.1640974025974026,0.10027597402597403,Delphinus,52,Delphinus,PMC_12_A33
0.3344,0.3504,0.025,0.005,0.15,0.09519999999999999,0.04,S_attenuata,53,Delphinus,PMC_12_A33
0.22633657149338862,0.09264406103953517,0.010984913793103448,0.0002631578947368421,0.5764126694442102,0.03864647070261861,0.05471215563240694,S_frontalis,54,Delphinus,PMC_12_A33
0.5950654761904762,0.13592731829573934,0.03827976190476191,0.015,0.16501315789473683,0.02,0.030714285714285715,Delphinus,55,Delphinus,PMC_12_A33
0.22833333333333336,0.14539434523809525,0.08,0.03,0.2810342261904762,0.21023809523809525,0.025,S_frontalis,56,Delphinus,PMC_12_A46
0.6736292315765633,0.020245901639344265,0.05180180180180181,0.03529213955443464,0.025106382978723404,0.18704770344114607,0.006876839007986548,Delphinus,57,Delphinus,PMC_12_A47
0.43886862756329476,0.05253294573643411,0.03,0.08383908045977012,0.13611627906976742,0.15861012143429945,0.1000329457364341,Delphinus,58,Delphinus,PMC_12_A47
0.2422041181041181,0.12675306915306916,0.05158686868686869,0.10067777777777778,0.2056760128760129,0.08315027195027196,0.1899518814518814,Delphinus,59,Delphinus,PMC_12_A47
0.30415170502012606,0.04125274122807017,0.06083333333333333,0.20009090909090907,0.07652777777777778,0.24651853354978354,0.070625,Delphinus,60,Delphinus,PMC_12_A47
0.6133023696392832,0.030245901639344264,0.0318018018018018,0.03533634821933295,0.03,0.21204770344114607,0.04726587525909176,Delphinus,61,Delphinus,PMC_12_A47
0.5254578291565913,0.08470620692381015,0.12254304182056476,0.04532908834284981,0.04728897096787005,0.12229145300238103,0.05238340978593272,Delphinus,62,Delphinus,PMC_12_A47
0.4198610437383782,0.020161290322580645,0.02032258064516129,0.07041666666666666,0.045988256932654216,0.3828225806451613,0.04042758104939768,Delphinus,63,Delphinus,PMC_12_A47
0.5621728563833827,0.04523809523809524,0.06944444444444445,0.0,0.04119047619047619,0.13960241512873092,0.1423517126148705,Delphinus,64,Delphinus,PMC_12_A47
0.0710840579710145,0.5817472719522592,0.0054,0.10580562659846547,0.0768463768115942,0.06871666666666668,0.0904,S_attenuata,65,Delphinus,PMC_12_A47
0.3071458675424193,0.10634920634920636,0.10820197044334975,0.13535714285714287,0.07208866995073891,0.11335714285714285,0.1575,Delphinus,66,Delphinus,PMC_12_A47
0.32352292020373513,0.015,0.01026315789473684,0.12,0.3078257640067912,0.095,0.12838815789473684,Delphinus,67,Delphinus,PMC_12_A47
0.5799090909090909,0.025,0.03,0.06,0.12509090909090909,0.14,0.04,Delphinus,68,Delphinus,PMC_12_A47
0.25472222222222224,0.12611111111111112,0.015666666666666666,0.04527777777777778,0.19055555555555556,0.23,0.13766666666666666,Delphinus,69,Delphinus,PMC_12_A47
0.44299428495481125,0.0786326486013986,0.05524404761904762,0.01721153846153846,0.20443349358974358,0.12507662147793724,0.0764073652955232,Delphinus,70,Delphinus,PMC_12_A47
0.13,0.18545454545454546,0.025,0.0884090909090909,0.2927272727272727,0.0425,0.2359090909090909,S_frontalis,71,Delphinus,PMC_12_A47
0.22916666666666663,0.11083333333333334,0.06,0.085,0.3,0.055,0.16,S_frontalis,72,Delphinus,PMC_12_A47
0.05015625,0.41859375,0.0,0.3509375,0.005,0.09015625,0.08515625,S_attenuata,73,Delphinus,PMC_12_A47
0.175,0.065,0.1,0.065,0.235,0.065,0.295,T_truncatus,74,Delphinus,PMC_12_A47
0.059000000000000004,0.07508333333333334,0.04305303030303031,0.06508333333333333,0.4974621212121212,0.025,0.23531818181818182,S_frontalis,75,Delphinus,PMC_12_A47
0.15313492951443275,0.14999787077466514,0.035916743119266056,0.020670871559633028,0.17926718589020266,0.37217065602253435,0.08884174311926606,S_longirostris,76,Delphinus,PMC_12_A47
0.2959000884173298,0.18112637362637363,0.005333333333333333,0.06767241379310346,0.035,0.115,0.29996779082985975,T_truncatus,77,Delphinus,PMC_12_A47
0.455625,0.055769230769230765,0.125625,0.08383012820512821,0.06705128205128205,0.12927884615384616,0.08282051282051281,Delphinus,78,Delphinus,PMC_12_A47
0.24344444444444446,0.20820075757575754,0.015,0.02,0.0103125,0.14197916666666668,0.3610631313131314,T_truncatus,79,Delphinus,PMC_12_A47
0.21708333333333332,0.060250000000000005,0.0405,0.06075,0.19616666666666668,0.23525,0.19,S_longirostris,80,Delphinus,PMC_12_A47
0.18328091397849464,0.13471303763440862,0.17482258064516132,0.026780913978494626,0.32121034946236565,0.08108333333333334,0.07810887096774194,S_frontalis,81,Delphinus,PMC_12_A47
0.1673529411764706,0.08558823529411765,0.055,0.060294117647058824,0.15529411764705883,0.42117647058823526,0.05529411764705882,S_longirostris,82,Delphinus,PMC_12_A47
0.40075000000000005,0.065,0.165,0.03,0.03625,0.03,0.273,Delphinus,83,Delphinus,PMC_12_A47
0.4087295324805103,0.025116279069767444,0.07208928571428572,0.10596804511278196,0.09165199335548174,0.19130443060803337,0.10514043365913942,Delphinus,84,Delphinus,PMC_12_A47
0.04980827067669173,0.15652156125608138,0.01,0.006750000000000001,0.02966176470588235,0.5700361811391224,0.17722222222222223,S_longirostris,85,Delphinus,PMC_12_A47
0.14400000000000002,0.13655555555555554,0.020916666666666663,0.20097222222222222,0.11522222222222223,0.09763888888888887,0.28469444444444447,T_truncatus,86,Delphinus,PMC_12_A47
0.29887077294685993,0.13708333333333333,0.2704347826086957,0.04458333333333333,0.06466666666666666,0.051138888888888887,0.13322222222222224,Delphinus,87,Delphinus,PMC_12_A47
0.36300824175824176,0.07625,0.04014285714285714,0.06639285714285714,0.23557142857142857,0.17185714285714287,0.046777472527472524,Delphinus,88,Delphinus,PMC_12_A47
0.35293224740598433,0.0491510137149672,0.027307692307692307,0.042071638599304996,0.23183789079137918,0.22942084494851134,0.06727867223216061,Delphinus,89,Delphinus,PMC_12_A47
0.7086196827399935,0.015245901639344264,0.01,0.04030061892130858,0.020106382978723403,0.17008196721311475,0.03564544650751547,Delphinus,90,Delphinus,PMC_12_A47
0.25808117471952924,0.1659179643643982,0.06047635850388144,0.11176271743776922,0.2466654546991925,0.021504587155963303,0.13559174311926606,Delphinus,91,Delphinus,PMC_12_A47
0.085,0.18416666666666667,0.035,0.035,0.07,0.365,0.22583333333333333,S_longirostris,92,Delphinus,PMC_12_A47
0.7195683747491897,0.015,0.012876794258373205,0.03,0.08604167309770026,0.08625,0.05026315789473684,Delphinus,93,Delphinus,PMC_12_A47
0.5718908112959837,0.022064913056292365,0.08052339901477833,0.06073340835409801,0.09029761904761903,0.13253172115241083,0.041958128078817734,Delphinus,94,Delphinus,PMC_12_A47
0.06416666666666666,0.25096666666666667,0.0,0.2504,0.0602,0.2324666666666667,0.1418,S_attenuata,95,Delphinus,PMC_12_A47
0.145,0.03,0.025,0.195,0.37,0.035,0.2,S_frontalis,96,Delphinus,PMC_12_A47
0.13,0.0975,0.025454545454545455,0.14545454545454545,0.07090909090909091,0.26402236652236655,0.26665945165945165,T_truncatus,97,Delphinus,PMC_12_A62
0.4641941391941392,0.06769230769230769,0.04764285714285714,0.09424542124542125,0.029545787545787544,0.23390842490842495,0.06277106227106227,Delphinus,98,Delphinus,PMC_12_A62
0.6857059195795131,0.062275346592054845,0.025344827586206896,0.005263322884012539,0.10454761904761906,0.09594650289844255,0.020916461412151068,Delphinus,99,Delphinus,PMC_12_A62
0.015,0.050174984783931835,0.0,0.8848250152160682,0.02,0.015,0.015,S_clymene,100,Delphinus,PMC_12_A62
0.21,0.01,0.37,0.095,0.025,0.175,0.115,S_bredanensis,101,Delphinus,PMC_12_A62
0.272,0.09283333333333334,0.10783333333333334,0.07,0.11133333333333333,0.13816666666666666,0.20783333333333331,Delphinus,102,Delphinus,PMC_12_A62
0.33142045454545455,0.01,0.15625,0.12,0.015,0.21232954545454547,0.155,Delphinus,103,Delphinus,PMC_12_A62
0.09930555555555555,0.121010101010101,0.015,0.2834027777777778,0.04,0.19517045454545454,0.2461111111111111,S_clymene,104,Delphinus,PMC_12_A62
0.5150436507936508,0.055,0.005,0.10666666666666666,0.07569444444444445,0.20709523809523808,0.0355,Delphinus,105,Delphinus,PMC_12_A62
0.33875097547380156,0.25974358974358974,0.03175,0.02,0.027019230769230768,0.13010521181716833,0.19263099219620958,Delphinus,106,Delphinus,PMC_12_A62
0.17,0.13,0.23,0.035,0.19,0.03,0.215,S_bredanensis,107,Delphinus,PMC_12_A62
0.489666170388751,0.11265742913000977,0.016177126099706743,0.010528205128205128,0.32150747800586515,0.0302,0.019263591247462214,Delphinus,108,Delphinus,PMC_12_A62
0.05,0.34,0.005,0.035,0.365,0.04,0.165,S_frontalis,109,Delphinus,PMC_12_A62
0.4137137096774194,0.048499999999999995,0.13,0.07,0.14547379032258065,0.1373125,0.055,Delphinus,110,Delphinus,PMC_12_A62
0.3372265100953922,0.10804214559386974,0.09778605015673981,0.015,0.24274007384748486,0.13355196360153257,0.06565325670498084,Delphinus,111,Delphinus,PMC_12_A62
0.5012810106560106,0.1273243006993007,0.05771749084249084,0.06076923076923077,0.03116529304029304,0.08055128205128206,0.14119139194139194,Delphinus,112,Delphinus,PMC_3_A68
0.3117720057720058,0.23732323232323232,0.006,0.060238095238095236,0.07505555555555556,0.1375,0.17211111111111108,Delphinus,113,Delphinus,PMC_3_A68
0.4745898695898696,0.1420221445221445,0.04513513513513514,0.01,0.057430069930069924,0.14043816543816542,0.13038461538461538,Delphinus,114,Delphinus,PMC_3_A68
0.4074754562254562,0.1739916729512318,0.03265154927654927,0.02117521367521367,0.3079635295260295,0.018492458367458366,0.03825011997806115,Delphinus,115,Delphinus,PMC_3_A68
0.005,0.3445077838827839,0.06162087912087912,0.0,0.0334375,0.26298878205128207,0.29244505494505496,S_attenuata,116,Delphinus,PMC_3_A68
0.44964375193837436,0.038739316239316236,0.0452,0.12263531110384658,0.0811111111111111,0.14538220551378447,0.11728830409356725,Delphinus,117,Delphinus,PMC_6_A51
0.5768600557087926,0.041953211517165,0.0504739010989011,0.06594068621835263,0.07636627906976744,0.046119257646924046,0.1422866087400971,Delphinus,118,Delphinus,PMC_6_A51
0.1443103448275862,0.16024999999999998,0.050555555555555555,0.20517241379310344,0.19519444444444445,0.128,0.11651724137931035,S_clymene,119,Delphinus,PMC_6_A51
0.31748827888687237,0.16599260086555914,0.032344827586206895,0.005172413793103448,0.042810897435897444,0.2819886531093428,0.15420232832301795,Delphinus,120,Delphinus,PMC_6_A51
0.2948044670846395,0.09688557993730408,0.0306269592476489,0.05295454545454545,0.30596767241379313,0.048329741379310336,0.17043103448275862,S_frontalis,121,Delphinus,PMC_6_A51
0.4098826895099124,0.020116279069767443,0.01,0.065,0.10261627906976745,0.27215736216967407,0.12022739018087854,Delphinus,122,Delphinus,PMC_6_A51
0.43310353535353535,0.015,0.12,0.09,0.04064646464646465,0.14625,0.155,Delphinus,123,Delphinus,PMC_6_A51
0.5521944444444444,0.050625,0.01,0.005,0.045,0.1203125,0.21686805555555555,Delphinus,124,Delphinus,PMC_6_A51
0.09984265734265735,0.1605332167832168,0.04606060606060605,0.08064685314685313,0.4926893939393939,0.06,0.060227272727272727,S_frontalis,125,Delphinus,PMC_6_A51
0.19875,0.05875,0.01,0.02,0.04,0.595,0.0775,S_longirostris,126,Delphinus,PMC_6_A51
0.07666666666666666,0.22705128205128206,0.005,0.005,0.05076923076923077,0.4665384615384615,0.16897435897435895,S_longirostris,127,Delphinus,PMC_6_A51
0.34990909090909095,0.1,0.045,0.04,0.15509090909090908,0.07,0.24,Delphinus,128,Delphinus,PMC_6_A51
0.5898936170212766,0.025,0.015,0.035,0.1451063829787234,0.135,0.055,Delphinus,129,Delphinus,PMC_6_A51
0.4751968282775906,0.030589912280701754,0.03996585933223864,0.09651785714285716,0.0341898604269294,0.2221071428571429,0.10143253968253968,Delphinus,130,Delphinus,PMC_6_A51
0.28271142618849043,0.13541284403669723,0.010091743119266054,0.06763678065054211,0.11559633027522935,0.29595913261050877,0.09259174311926605,S_longirostris,131,Delphinus,PMC_6_A51
0.561257253384913,0.06458333333333334,0.005454545454545454,0.05,0.11647001934235977,0.1459090909090909,0.05632575757575758,Delphinus,132,Delphinus,PMC_6_A51
0.7070238095238095,0.011800595238095237,0.0128125,0.035550595238095235,0.0575,0.1503125,0.025,Delphinus,133,Delphinus,PMC_6_A51
0.46472234921940797,0.07146893106893107,0.07540584415584416,0.03231351981351981,0.15352272727272726,0.0902,0.11236662846956963,Delphinus,134,Delphinus,PMC_6_A51
0.26107142857142857,0.064,0.034388888888888886,0.22342857142857142,0.11600000000000002,0.18525,0.11586111111111111,Delphinus,135,Delphinus,PMC_6_A51
0.178125,0.235,0.06125,0.120625,0.1815,0.1625,0.061,S_attenuata,136,Delphinus,PMC_6_A51
0.3053143953780475,0.16398869726663506,0.01433126838599189,0.015658395176252317,0.26358627480430474,0.14220929962894246,0.09491166935982605,Delphinus,137,Delphinus,PMC_6_A51
0.35106689016895437,0.20937919574054895,0.020805135976408914,0.02864258040634187,0.16959103626368538,0.18417341832479447,0.03634174311926605,Delphinus,138,Delphinus,PMC_6_A51
0.32786498708010337,0.035465116279069765,0.015,0.0052325581395348845,0.05886627906976744,0.46567700258397937,0.09189405684754522,S_longirostris,139,Delphinus,PMC_6_A51
0.5646651681651682,0.06447802197802198,0.03,0.08028321678321677,0.0725,0.09545454545454544,0.09261904761904763,Delphinus,140,Delphinus,PMC_6_A51
0.5463360805860805,0.005128205128205127,0.010342857142857143,0.10014285714285714,0.07057142857142856,0.11185714285714286,0.15562142857142855,Delphinus,141,Delphinus,PMC_6_A51
0.3064139320159962,0.12287843604273045,0.013372993119266055,0.023363179251940716,0.16058101164777835,0.3420487048030222,0.031341743119266054,S_longirostris,142,Delphinus,PMC_6_A51
0.5328284072249589,0.026916666666666665,0.04227697044334975,0.09189285714285714,0.033356527093596065,0.18010714285714285,0.09262142857142858,Delphinus,143,Delphinus,PMC_6_A51
0.35008720930232556,0.01671511627906977,0.0175,0.13273255813953488,0.16761627906976742,0.2502325581395349,0.06511627906976744,Delphinus,144,Delphinus,PMC_6_A51
0.38219352869352863,0.05012820512820513,0.05021749084249084,0.04677777777777777,0.10496871184371186,0.04970238095238095,0.31601190476190477,Delphinus,145,Delphinus,PMC_6_A51
0.37297841531853165,0.1500248482138017,0.025201839826839826,0.02295983086680761,0.08350022845371681,0.09020768023965699,0.2551271570806455,Delphinus,146,Delphinus,PMC_6_A51
0.3342223837209302,0.11511627906976746,0.035,0.0253125,0.04011627906976744,0.28511627906976744,0.16511627906976742,Delphinus,147,Delphinus,PMC_6_A51
0.16509890109890107,0.25855824175824177,0.005,0.0404,0.025914285714285716,0.3078,0.19722857142857145,S_longirostris,148,Delphinus,PMC_6_A51
0.2150653409090909,0.20713541666666666,0.0203125,0.1775,0.12509090909090909,0.15625,0.09864583333333332,Delphinus,149,Delphinus,PMC_6_A51
0.125,0.03,0.015,0.01,0.005,0.77,0.045,S_longirostris,150,Delphinus,PMC_6_A51
0.4909273182957394,0.03597744360902255,0.01,0.015,0.01,0.41023809523809524,0.027857142857142855,Delphinus,151,Delphinus,PMC_6_A51
0.0575,0.19517498478393183,0.0025,0.4598250152160682,0.14,0.025,0.12,S_clymene,152,Delphinus,PMC_6_A51
0.4299090909090909,0.11,0.08,0.03,0.18509090909090908,0.055,0.11,Delphinus,153,Delphinus,PMC_6_A51
0.42625867244293575,0.050703211517165,0.04125,0.035404971932638335,0.06630675526024363,0.2594337939877762,0.12064259485924111,Delphinus,154,Delphinus,PMC_6_A51
0.16705128205128206,0.326025641025641,0.0,0.13576923076923075,0.060641025641025637,0.2303846153846154,0.08012820512820512,S_attenuata,155,Delphinus,PMC_6_A51
0.5400809291505962,0.04044961240310077,0.059444444444444446,0.020172413793103448,0.10611627906976744,0.14966170873588677,0.08407461240310077,Delphinus,156,Delphinus,PMC_6_A51
0.3493216783216784,0.12,0.060909090909090906,0.1488986013986014,0.22997756410256412,0.005839160839160838,0.08505390442890443,Delphinus,157,Delphinus,PMC_9_A102
0.5758954248366013,0.12,0.01,0.0,0.01,0.12754901960784312,0.15655555555555556,Delphinus,158,Delphinus,PMC_9_A102
0.43229470938897163,0.07295454545454545,0.07815909090909091,0.04683060109289617,0.1162272727272727,0.13561847988077497,0.1179153005464481,Delphinus,159,Delphinus,PMC_9_A102
0.17541666666666664,0.10682291666666666,0.005,0.14166666666666666,0.055,0.17046875,0.345625,T_truncatus,160,Delphinus,PMC_9_A102
0.3695348837209302,0.12511627906976744,0.0,0.065,0.05511627906976744,0.2501162790697674,0.13511627906976745,Delphinus,161,Delphinus,PMC_9_A102
0.022692307692307692,0.14514492753623187,0.0,0.6720903010033444,0.02,0.07007246376811593,0.07,S_clymene,162,Delphinus,PMC_9_A102
0.4199370464203988,0.08641653138528137,0.025348015873015873,0.02248333333333333,0.13645922619047618,0.05345573716900948,0.255900109628485,Delphinus,163,Delphinus,PMC_9_A102
0.11,0.075,0.03,0.275,0.21,0.045,0.255,S_clymene,164,Delphinus,PMC_9_A102
0.1561622749231445,0.17074879227053139,0.010434782608695651,0.25091941150636804,0.1884903381642512,0.12237483530961793,0.10086956521739131,S_clymene,165,Delphinus,PMC_9_A102
0.34288946541963783,0.17739279494451907,0.015399686520376177,0.05017857142857143,0.19596835228947299,0.14754222334179232,0.0706289060556302,Delphinus,166,Delphinus,PMC_9_A102
0.23121336996336997,0.07109249084249085,0.09291391941391942,0.11755952380952384,0.15473260073260073,0.24484523809523812,0.08764285714285715,S_longirostris,167,Delphinus,PMC_9_A102
0.5719159749166326,0.04102082951764098,0.04543657070547295,0.015309194443645566,0.09004077471967381,0.18339345116551697,0.05288320453141712,Delphinus,168,Delphinus,PMC_9_A102
0.361725073313783,0.035333333333333335,0.18044696969696972,0.135,0.08649462365591397,0.07566666666666666,0.12533333333333332,Delphinus,169,Delphinus,PMC_9_A102
0.7677293281653748,0.04011627906976744,0.01,0.02,0.015428779069767442,0.031116279069767442,0.11560933462532301,Delphinus,170,Delphinus,PMC_9_A102
0.5718873579611202,0.21338159403669724,0.006081326452599388,4.587155963302752e-05,0.018669246941896023,0.1225511932621213,0.06738340978593273,Delphinus,171,Delphinus,PMC_9_A102
0.6233775995684419,0.05158416389811738,0.016521520146520145,0.06994444561684886,0.03127699335548172,0.09616938296020726,0.11112589445438284,Delphinus,172,Delphinus,PMC_9_A102
0.05125,0.3,0.005,0.09,0.08125,0.22,0.2525,S_attenuata,173,Delphinus,PMC_9_A102
0.36467458814999804,0.055245901639344265,0.08263513513513514,0.075,0.14747727272727273,0.11121710234824989,0.16375,Delphinus,174,Delphinus,PMC_9_A102
0.5346757984145758,0.12396900629142792,0.021755952380952383,0.07123830526597168,0.10556318681318683,0.09581858416721872,0.04697916666666667,Delphinus,175,Delphinus,PMC_9_A102
0.21316570881226057,0.11069444444444444,0.0503448275862069,0.135,0.15051724137931033,0.1101388888888889,0.2301388888888889,T_truncatus,176,Delphinus,PMC_9_A102
0.11583333333333334,0.28506410256410253,0.005,0.23705128205128204,0.11666666666666665,0.07,0.1703846153846154,S_attenuata,177,Delphinus,PMC_9_A102
0.385,0.02,0.195,0.04,0.245,0.04,0.075,Delphinus,178,Delphinus,PMC_9_A102
0.1999146136121943,0.19756800189058255,0.023171481744062392,0.2194642857142857,0.11994689137027847,0.08163461538461539,0.15830011028398125,S_clymene,179,Delphinus,PMC_9_A102
0.2607738095238095,0.040535714285714286,0.03017857142857143,0.11685185185185185,0.31981481481481483,0.021944444444444444,0.20990079365079364,S_frontalis,180,Delphinus,PMC_9_A102
0.1025,0.17875,0.0053030303030303025,0.04527777777777778,0.14454545454545456,0.38875,0.13487373737373737,S_longirostris,181,Delphinus,PMC_9_A102
0.19,0.115,0.02,0.2345833333333333,0.11,0.04541666666666666,0.285,T_truncatus,182,Delphinus,PMC_9_A102
0.23803571428571427,0.03015625,0.03,0.06,0.0907142857142857,0.50046875,0.050625,S_longirostris,183,Delphinus,PMC_9_A102
0.1857142857142857,0.15983333333333336,0.042333333333333334,0.11845238095238095,0.10333333333333332,0.2275,0.1628333333333333,S_longirostris,184,Delphinus,PMC_9_A102
0.031,0.3498780487804878,0.005,0.11800000000000001,0.141,0.10512195121951219,0.25,S_attenuata,185,Delphinus,PMC_9_A102
0.6215104151399184,0.027428068395671606,0.005091743119266055,0.0703290883428498,0.03837410805300714,0.16404983383002097,0.07321674311926606,Delphinus,186,Delphinus,PMC_9_A102
0.4797619047619047,0.025,0.011428571428571429,0.13642857142857143,0.058095238095238096,0.22857142857142856,0.060714285714285714,Delphinus,187,Delphinus,PMC_9_A102
0.015,0.065,0.0,0.005,0.02,0.6991666666666666,0.19583333333333336,S_longirostris,188,Delphinus,PMC_9_A102
0.47603366278599724,0.056750576036866354,0.08391980286738353,0.06213095238095238,0.06431563788503517,0.12550115207373275,0.1313482159700326,Delphinus,189,Delphinus,PMC_9_A102
0.5583789008812353,0.03536962365591398,0.034528533026113674,0.08767857142857143,0.05708944740884469,0.15848924731182795,0.06846567628749294,Delphinus,190,Delphinus,PMC_9_A102
0.23493284493284491,0.035277777777777776,0.0375,0.16023809523809526,0.09555555555555556,0.285,0.15149572649572648,S_longirostris,191,Delphinus,PMC_9_A102
0.2999895914650013,0.04262685402029664,0.2222222222222222,0.05738095238095237,0.05,0.0706375227686703,0.2571428571428572,Delphinus,192,Delphinus,PMC_9_A102
0.38133064516129034,0.055747311827956995,0.015,0.23376075268817204,0.10866666666666668,0.11016129032258064,0.09533333333333333,Delphinus,193,Delphinus,PMC_9_A102
0.386668671679198,0.035,0.09979444444444445,0.0254,0.14346666666666666,0.23673834586466164,0.07293187134502924,Delphinus,194,Delphinus,PMC_9_A102
0.6539388566874266,0.03733653846153846,0.07041749084249084,0.03059166031019578,0.04027865336417968,0.05685442773600669,0.11058237259816206,Delphinus,195,Delphinus,PMC_9_A102
0.2413888888888889,0.055,0.025,0.08003968253968254,0.06,0.26,0.2785714285714286,T_truncatus,196,Delphinus,PMC_9_A102
0.03,0.3247058823529412,0.0,0.095,0.19,0.195,0.16529411764705884,S_attenuata,197,S_attenuata,Per_02_A05
0.02,0.005,0.0,0.13,0.015,0.77,0.06,S_longirostris,198,S_attenuata,Per_02_A05
0.17,0.065,0.02,0.125,0.015,0.385,0.22,S_longirostris,199,S_attenuata,Per_02_A05
0.08026315789473686,0.005,0.735,0.005263157894736842,0.10394736842105264,0.03026315789473684,0.04026315789473684,S_bredanensis,200,S_attenuata,Per_02_A05
0.005,0.01,0.965,0.0,0.0,0.0,0.02,S_bredanensis,201,S_attenuata,Per_02_A05
0.005,0.01,0.945,0.0,0.0,0.0,0.04,S_bredanensis,202,S_attenuata,Per_02_A05
0.18472972972972973,0.07,0.015135135135135137,0.3204545454545455,0.045,0.18513513513513516,0.17954545454545454,S_clymene,203,S_attenuata,Per_02_A05
0.05656818181818182,0.11833333333333335,0.08022727272727273,0.036227272727272726,0.469060606060606,0.04083333333333334,0.19875,S_frontalis,204,S_attenuata,Per_02_A05
0.2630054644808743,0.08524590163934427,0.09833333333333334,0.21166666666666664,0.095,0.14674863387978143,0.1,Delphinus,205,S_attenuata,Per_02_A05
0.02034855769230769,0.4117270833333333,0.005,0.3528118589743589,0.0102,0.07895625,0.12095625,S_attenuata,206,S_attenuata,Per_02_A05
0.11658333333333334,0.10666666666666666,0.005,0.15533333333333332,0.04083333333333334,0.1391666666666667,0.4364166666666667,T_truncatus,207,S_attenuata,Per_02_A05
0.035,0.747,0.027000000000000003,0.005,0.145,0.026000000000000002,0.015,S_attenuata,208,S_attenuata,Per_02_A05
0.305,0.125,0.075,0.03,0.19,0.13,0.145,Delphinus,209,S_attenuata,Per_02_A05
0.10516666666666666,0.15,0.01,0.4244166666666667,0.095,0.09,0.12541666666666665,S_clymene,210,S_attenuata,Per_02_A05
0.025,0.5467647058823529,0.005,0.08058823529411764,0.005,0.12264705882352941,0.215,S_attenuata,211,S_attenuata,Per_02_A05
0.095,0.07,0.01,0.145,0.15,0.29,0.24,S_longirostris,212,S_attenuata,Per_02_A05
0.045,0.3542460317460317,0.048866071428571425,0.0105,0.15913194444444445,0.17427083333333335,0.20798511904761902,S_attenuata,213,S_attenuata,Per_02_A05
0.1524056603773585,0.3491039279869067,0.045,0.09538461538461539,0.1202986906710311,0.11770072260136491,0.1201063829787234,S_attenuata,214,S_attenuata,Per_02_A05
0.045,0.13,0.015,0.11,0.045,0.49,0.165,S_longirostris,215,S_attenuata,Per_02_A05
0.04055714285714286,0.4010166666666667,0.02581666666666667,0.015,0.2808142857142857,0.11722857142857145,0.11956666666666667,S_attenuata,216,S_attenuata,Per_02_A05
0.1225595238095238,0.1204441391941392,0.010982142857142859,0.03616071428571428,0.06904304029304029,0.4735027472527472,0.1673076923076923,S_longirostris,217,S_attenuata,Per_02_A05
0.01,0.285,0.005,0.295,0.105,0.06,0.24,S_clymene,218,S_attenuata,Per_02_A05
0.015911424903722722,0.4153506097560975,0.04,0.0,0.48111601412066746,0.015121951219512195,0.0325,S_frontalis,219,S_attenuata,Per_02_A05
0.4201578073117885,0.1324700650901497,0.05071200469414754,0.02620693216557878,0.26184884468141323,0.06817450803779843,0.04042983801912373,Delphinus,220,S_attenuata,Per_02_A05
0.015,0.10517498478393182,0.0,0.7048250152160682,0.055,0.045,0.075,S_clymene,221,S_attenuata,Per_02_A05
0.03015625,0.30433034420289856,0.0,0.1661201086956522,0.050199999999999995,0.2582370471014493,0.19095625,S_attenuata,222,S_attenuata,Per_02_A05
0.07016505466778805,0.2615989519311639,0.0059416445623342185,0.005,0.26507027560328655,0.20428502593215586,0.18793904730327143,S_frontalis,223,S_attenuata,Per_02_A05
0.03666666666666667,0.6783333333333335,0.01,0.04,0.025,0.16,0.05,S_attenuata,224,S_attenuata,Per_02_A05
0.01,0.5296642156862745,0.0153125,0.002,0.02,0.32683333333333336,0.09618995098039214,S_attenuata,225,S_attenuata,Per_02_A05
0.09,0.5414705882352941,0.000588235294117647,0.14705882352941177,0.020294117647058824,0.17,0.030588235294117645,S_attenuata,226,S_attenuata,Per_02_A05
0.015,0.405,0.0,0.08166666666666668,0.095,0.30666666666666664,0.09666666666666666,S_attenuata,227,S_attenuata,Per_02_A05
0.02,0.4494230769230769,0.0,0.1853846153846154,0.2101923076923077,0.08,0.055,S_attenuata,228,S_attenuata,Per_02_A05
0.07012195121951219,0.22597560975609757,0.005,0.0,0.573780487804878,0.05012195121951219,0.075,S_frontalis,229,S_attenuata,Per_02_A23
0.03083333333333333,0.3658888888888889,0.037000000000000005,0.0,0.4656111111111111,0.03,0.07066666666666667,S_frontalis,230,S_attenuata,Per_02_A23
0.07064685314685315,0.49042115778957884,0.005,0.09094155844155845,0.16776315789473684,0.015,0.16022727272727275,S_attenuata,231,S_attenuata,Per_02_A23
0.02597095959595959,0.5402986111111111,0.02086111111111111,0.005402777777777777,0.3342185245310245,0.005527777777777778,0.06772023809523808,S_attenuata,232,S_attenuata,Per_02_A23
0.0,0.4285174418604651,0.0,0.095,0.34125,0.02,0.11523255813953488,S_attenuata,233,S_attenuata,Per_02_A23
0.1,0.41,0.03,0.05,0.21,0.05,0.15,S_attenuata,234,S_attenuata,Per_02_A23
0.020217391304347826,0.7701899050474762,0.0,0.015434782608695652,0.15394052973513245,0.035217391304347825,0.005,S_attenuata,235,S_attenuata,Per_02_A23
0.075,0.3541039279869067,0.0325,0.2203846153846154,0.055298690671031096,0.14760638297872342,0.1151063829787234,S_attenuata,236,S_attenuata,Per_02_A23
0.005,0.75,0.0,0.11,0.02,0.055,0.06,S_attenuata,237,S_attenuata,Per_02_A23
0.035217391304347825,0.6046123188405796,0.0,0.050434782608695654,0.18901811594202897,0.10071739130434781,0.02,S_attenuata,238,S_attenuata,Per_02_A23
0.08515625,0.16309374999999998,0.020697115384615383,0.06423076923076923,0.48366959203036053,0.03567873303167421,0.14747379032258065,S_frontalis,239,S_attenuata,Per_02_A23
0.04533934252386002,0.47378089941895846,0.0,0.020434782608695655,0.40438768420667714,0.030339342523860023,0.025717948717948715,S_attenuata,240,S_attenuata,Per_02_A56
0.015161290322580645,0.7242154377880183,0.005357142857142857,0.00016129032258064516,0.2301048387096774,0.01,0.015,S_attenuata,241,S_attenuata,Per_02_A56
0.49990621586016326,0.070625,0.05093177655677656,0.09982142857142857,0.05061198669751302,0.060138888888888895,0.16796470342522973,Delphinus,242,S_attenuata,Per_02_A56
0.11,0.205,0.0,0.3045833333333333,0.13,0.05041666666666667,0.2,S_clymene,243,S_attenuata,Per_02_A56
0.1415754547176961,0.23587179487179488,0.05571428571428571,0.06088669950738916,0.20239423076923074,0.05038461538461538,0.253172919034988,T_truncatus,244,S_attenuata,PMC_12_A42
0.04012195121951219,0.5513857098186365,0.0,0.075,0.23036382113821138,0.04074390243902439,0.062384615384615386,S_attenuata,245,S_attenuata,PMC_12_A42
0.016099747474747475,0.5769023647920708,0.021245726495726494,0.0004027777777777777,0.3550254435107376,0.017045093795093794,0.013278846153846153,S_attenuata,246,S_attenuata,PMC_12_A42
0.26662698412698416,0.18714285714285717,0.02517857142857143,0.10444444444444445,0.06535714285714285,0.08553571428571428,0.26571428571428574,Delphinus,247,S_attenuata,PMC_12_A42
0.23125,0.06,0.12875,0.11,0.17625,0.15125,0.1425,Delphinus,248,S_attenuata,PMC_12_A42
0.08,0.165,0.095,0.175,0.035,0.075,0.375,T_truncatus,249,S_attenuata,PMC_12_A42
0.035,0.43891849529780563,0.01583333333333333,0.10201388888888889,0.04517241379310345,0.166010101010101,0.1970517676767677,S_attenuata,250,S_attenuata,PMC_12_A42
0.0658695652173913,0.15,0.0,0.13,0.035,0.3452173913043478,0.27391304347826084,S_longirostris,251,S_attenuata,PMC_12_A42
0.0930758685758686,0.3045948773448774,0.07197330447330447,0.04349025974025974,0.3545422632922633,0.008908730158730158,0.12341469641469642,S_frontalis,252,S_attenuata,PMC_12_A42
0.12444953416149068,0.1530926501035197,0.03625,0.00021739130434782607,0.5675975672877847,0.01761904761904762,0.10077380952380953,S_frontalis,253,S_attenuata,PMC_12_A42
0.0,0.86,0.01,0.005,0.06,0.01,0.055,S_attenuata,254,S_attenuata,PMC_12_A42
0.0155,0.39129320679320684,0.0,0.09853396603396604,0.02519230769230769,0.1484090909090909,0.32107142857142856,S_attenuata,255,S_attenuata,PMC_12_A42
0.045,0.47470588235294114,0.0,0.2,0.13,0.105,0.045294117647058825,S_attenuata,256,S_attenuata,PMC_1_A13
0.010256410256410255,0.6073146853146854,0.037125,0.010628205128205129,0.236784188034188,0.04,0.05789151126651127,S_attenuata,257,S_attenuata,PMC_1_A13
0.05058562778320843,0.32803182070319165,0.015549853372434017,0.05734699141957206,0.3005926245946407,0.0228125,0.22508058212695312,S_attenuata,258,S_attenuata,PMC_1_A13
0.145,0.32,0.015,0.01,0.365,0.05,0.095,S_frontalis,259,S_attenuata,PMC_1_A13
0.035,0.5536808510638298,0.0,0.045,0.2001063829787234,0.04638416075650118,0.11982860520094561,S_attenuata,260,S_attenuata,PMC_1_A13
0.0125,0.3775,0.005,0.195,0.24,0.11,0.06,S_attenuata,261,S_attenuata,PMC_1_A13
0.0225,0.6053229974160207,0.0,0.0,0.34694444444444444,0.01,0.015232558139534884,S_attenuata,262,S_attenuata,PMC_1_A13
0.195,0.29,0.08,0.06,0.244,0.06,0.071,S_attenuata,263,S_attenuata,PMC_1_A13
0.0,0.8156223016540511,0.0,0.025,0.048005747126436786,0.1004344512195122,0.0109375,S_attenuata,264,S_attenuata,PMC_1_A13
0.0,0.8087058823529412,0.0055000000000000005,0.01,0.05,0.08,0.04579411764705882,S_attenuata,265,S_attenuata,PMC_1_A13
0.05333333333333333,0.35976744186046516,0.016666666666666666,0.0,0.31,0.135,0.12523255813953488,S_attenuata,266,S_attenuata,PMC_1_A13
0.05433869701726844,0.23519501133786846,0.05707482993197278,0.005306122448979592,0.2775046223617652,0.23101713762428053,0.139563579277865,S_frontalis,267,S_attenuata,PMC_1_A13
0.095,0.345,0.02,0.025,0.31,0.07,0.135,S_attenuata,268,S_attenuata,PMC_1_A13
0.40828719217862697,0.17303267162290414,0.030436570705472947,0.020218285352736474,0.03809633027522936,0.08185229295266064,0.2480766569123695,Delphinus,269,S_attenuata,PMC_1_A13
0.120125,0.09675,0.011749999999999998,0.20008333333333334,0.26445833333333335,0.07166666666666666,0.23516666666666666,S_frontalis,270,S_attenuata,PMC_1_A13
0.18,0.29,0.065,0.015,0.155,0.01,0.285,S_attenuata,271,S_attenuata,PMC_1_A48
0.07,0.3045833333333333,0.005,0.045208333333333336,0.33,0.045,0.20020833333333335,S_frontalis,272,S_attenuata,PMC_1_A48
0.45,0.23,0.1,0.005,0.102,0.02,0.09300000000000001,Delphinus,273,S_attenuata,PMC_1_A48
0.24516666666666664,0.09,0.125,0.13492261904761904,0.2192857142857143,0.09,0.095625,Delphinus,274,S_attenuata,PMC_1_A48
0.05083333333333333,0.295,0.0,0.24833333333333335,0.175,0.10583333333333333,0.125,S_attenuata,275,S_attenuata,PMC_1_A48
0.1154056603773585,0.2645,0.0,0.215,0.24,0.05509433962264151,0.11,S_attenuata,276,S_attenuata,PMC_1_A48
0.17,0.32909090909090905,0.045,0.16458333333333336,0.085,0.035871212121212116,0.17045454545454547,S_attenuata,277,S_attenuata,PMC_2_A14
0.11352037617554858,0.21760240334378264,0.032905433646812955,0.09448807035876003,0.11377272727272728,0.2509224137931034,0.17678857540926507,S_longirostris,278,S_attenuata,PMC_2_A14
0.025,0.26468085106382977,0.01,0.075,0.4901063829787234,0.020106382978723403,0.1151063829787234,S_frontalis,279,S_attenuata,PMC_2_A14
0.05,0.6191039279869067,0.0,0.06538461538461539,0.1527986906710311,0.042606382978723406,0.0701063829787234,S_attenuata,280,S_attenuata,PMC_2_A14
0.015625,0.44086659663865546,0.02,0.18035714285714285,0.120625,0.05125,0.1712762605042017,S_attenuata,281,S_attenuata,PMC_2_A14
0.04987281237281237,0.3426960724460724,0.0155,0.07399735449735449,0.1684597907539084,0.06246794871794872,0.28700602121190355,S_attenuata,282,S_attenuata,PMC_2_A14
0.17645454545454548,0.39632291543906784,0.01,0.086,0.14148319073545937,0.065,0.12473934837092729,S_attenuata,283,S_attenuata,PMC_2_A14
0.005625,0.8210545665634674,0.005,0.035,0.02088815789473684,0.05625,0.05618227554179566,S_attenuata,284,S_attenuata,PMC_2_A14
0.020625,0.41663690476190474,0.01,0.23635416666666667,0.1409375,0.03125,0.1441964285714286,S_attenuata,285,S_attenuata,PMC_2_A14
0.045625,0.47962739823697176,0.03,0.14613095238095236,0.16432372958257715,0.02125,0.11304291979949875,S_attenuata,286,S_attenuata,PMC_2_A14
0.1225,0.25,0.05,0.13,0.165,0.045,0.2375,S_attenuata,287,S_attenuata,PMC_2_A14
