Delphinus_KFOLD_5,S_attenuata_KFOLD_5,S_bredanensis_KFOLD_5,S_clymene_KFOLD_5,S_frontalis_KFOLD_5,S_longirostris_KFOLD_5,T_truncatus_KFOLD_5,Species_Classification,UID,KnownSpecies,EncounterNumber
0.17259994425863992,0.053323021181716834,0.038,0.4308256410256411,0.1925154960981048,0.014301282051282052,0.09843461538461538,S_clymene,0,Delphinus,PMC_12_A15
0.31383737717169663,0.03930203809701176,0.056454438609652415,0.2337185658503042,0.2258977961221862,0.03663133667787802,0.09415844747127095,Delphinus,1,Delphinus,PMC_12_A15
0.2860785703911545,0.09401966552781649,0.02033438016822772,0.343786877971996,0.10301527929685826,0.0928411323995716,0.05992409424437556,S_clymene,2,Delphinus,PMC_12_A15
0.4931441825174786,0.14317980407948155,0.03615927416881365,0.03169616327300151,0.06064369730024235,0.08323175107287169,0.15194512758811068,Delphinus,3,Delphinus,PMC_12_A15
0.6150218916715526,0.11987311066527226,0.010936649922619283,0.011994484237036416,0.014848878008823558,0.12174305553226011,0.105581929962436,Delphinus,4,Delphinus,PMC_12_A15
0.6713334793043436,0.04344161986095545,0.01215465721912368,0.013260410279797925,0.14667306488994128,0.10901344175790612,0.004123326687931951,Delphinus,5,Delphinus,PMC_12_A15
0.24016278623337445,0.04384680025856496,0.04944444444444445,0.2749978129713424,0.2313713316095669,0.025190883952648655,0.1349859405300582,S_clymene,6,Delphinus,PMC_12_A15
0.4398233698115258,0.13813697965635804,0.0247053702223422,0.04284071343483789,0.03696962984898652,0.059816247751838636,0.2577076892741109,Delphinus,7,Delphinus,PMC_12_A15
0.4980226457339251,0.08857044389987033,0.0216368936338108,0.02214969174088523,0.04060177339774836,0.08227286032187112,0.24674569127188897,Delphinus,8,Delphinus,PMC_12_A15
0.110415048345611,0.2995474730583426,0.03814564270152506,0.13460470085470086,0.036448531051216475,0.09706722808781633,0.28377137590078766,S_attenuata,9,Delphinus,PMC_12_A15
0.704180540761241,0.06335259483442714,0.0020931677018633543,0.014108395374304198,0.0025371202433542585,0.05641546354195348,0.15731271754285658,Delphinus,10,Delphinus,PMC_12_A15
0.5747749583308244,0.023785447842155888,0.029157782515991472,0.03992930733996585,0.07186296222891672,0.21526050954955864,0.045229032192587185,Delphinus,11,Delphinus,PMC_12_A15
0.842381808969905,0.002245736801844651,0.0010577468260815975,0.005077082912145922,0.006621263917100899,0.1273294239739796,0.015286936598942452,Delphinus,12,Delphinus,PMC_12_A15
0.8055866239239433,0.011262913528923902,0.014234705592914548,0.034835850658556176,0.023720467344357926,0.08803837279413407,0.022321066157170166,Delphinus,13,Delphinus,PMC_12_A15
0.39496493510791186,0.16251160008607377,0.017167460317460317,0.021003013231221078,0.011050625640493722,0.07251443184008974,0.3207879337767495,Delphinus,14,Delphinus,PMC_12_A15
0.4976999722070156,0.13619049327865118,0.048172377622377624,0.028175000000000002,0.10588835474810708,0.10128246263540382,0.08259133950844477,Delphinus,15,Delphinus,PMC_12_A15
0.4093064744109143,0.17161417749347396,0.07705263157894737,0.06627395502575109,0.18407449679265442,0.021329299315328797,0.07034896538293003,Delphinus,16,Delphinus,PMC_12_A33
0.2945147111319925,0.1609510205548654,0.024436450183974563,0.07617578806170355,0.04149980994319931,0.20444298410207087,0.19797923602219378,Delphinus,17,Delphinus,PMC_12_A33
0.580058099111312,0.0636000821966805,0.01307142857142857,0.048099821352805876,0.01922231822751247,0.16424023049013514,0.11170802005012533,Delphinus,18,Delphinus,PMC_12_A33
0.11033491882764816,0.084325,0.10158333333333334,0.01801923076923077,0.39335816453633404,0.22063360985419808,0.07174574267925561,S_frontalis,19,Delphinus,PMC_12_A33
0.1903172203765227,0.12542777777777778,0.0375,0.11166666666666666,0.36353650793650794,0.061273255813953494,0.11027857142857142,S_frontalis,20,Delphinus,PMC_12_A33
0.7961891566951311,0.03639197730731438,0.04580710791281687,0.01259000903213656,0.05866508867038775,0.03083074060945865,0.0195259197727545,Delphinus,21,Delphinus,PMC_12_A33
0.591185278743129,0.04923933570400682,0.04456146937857464,0.013255199662965301,0.13874929128094055,0.1124805181628795,0.05052890706750428,Delphinus,22,Delphinus,PMC_12_A33
0.08531381995641238,0.12333797059975417,0.0135,0.02702127659574468,0.32767681924892383,0.26291415183094513,0.16023596176821986,S_frontalis,23,Delphinus,PMC_12_A33
0.16778117041248353,0.04542466757400923,0.026121320346320344,0.010248536468048663,0.6242942206119849,0.06864300737398744,0.05748707721316598,S_frontalis,24,Delphinus,PMC_12_A33
0.407,0.092,0.108,0.008,0.096,0.001,0.288,Delphinus,25,Delphinus,PMC_12_A33
0.09016666666666667,0.014,0.397,0.021,0.3963333333333333,0.004,0.0775,S_bredanensis,26,Delphinus,PMC_12_A33
0.008,0.0,0.743,0.0,0.219,0.0,0.03,S_bredanensis,27,Delphinus,PMC_12_A33
0.30311463799704336,0.03881610141529666,0.013419134070936464,0.011408402510628005,0.39754362889842504,0.023723472253258597,0.2119746228544118,S_frontalis,28,Delphinus,PMC_12_A33
0.31571570228704093,0.1077645069447701,0.07923970645286434,0.044886531849689756,0.12275732291344421,0.10759144691438742,0.22204478263780322,Delphinus,29,Delphinus,PMC_12_A33
0.4234104855174617,0.054080742913000975,0.07234335839598999,0.0,0.1958877005635767,0.08851709956709956,0.1657606130428711,Delphinus,30,Delphinus,PMC_12_A33
0.03733333333333333,0.10433333333333335,0.3463333333333333,0.0033333333333333335,0.092,0.0011666666666666668,0.4155,T_truncatus,31,Delphinus,PMC_12_A33
0.0145,0.091,0.688,0.018,0.09316666666666668,0.010333333333333333,0.085,S_bredanensis,32,Delphinus,PMC_12_A33
0.4660181818181818,0.07307272727272726,0.04903636363636364,0.079,0.1868181818181818,0.08305454545454546,0.063,Delphinus,33,Delphinus,PMC_12_A33
0.539,0.12302127659574467,0.076,0.006,0.19397872340425532,0.011,0.051,Delphinus,34,Delphinus,PMC_12_A33
0.4103078189609178,0.07625882352941177,0.04334203431372549,0.05703672506738545,0.3083013301547034,0.0563921568627451,0.04836111111111111,Delphinus,35,Delphinus,PMC_12_A33
0.28096292517006805,0.125,0.038016666666666664,0.075,0.38802040816326533,0.038,0.055,S_frontalis,36,Delphinus,PMC_12_A33
0.4422716776781994,0.08371281749414741,0.01629551091609915,0.0771329595383304,0.2549739559199917,0.06730300295517687,0.058310075498055045,Delphinus,37,Delphinus,PMC_12_A33
0.5073328035058342,0.2967140990417461,0.015,0.015111904761904762,0.059166241608632916,0.06659850606909432,0.040076445012787724,Delphinus,38,Delphinus,PMC_12_A33
0.33279357522057085,0.11700603683581075,0.028584770750405424,0.23273528308559732,0.11713858221011308,0.08865360934061549,0.08308814255688707,Delphinus,39,Delphinus,PMC_12_A33
0.31325,0.101,0.02675,0.126,0.255,0.056,0.122,Delphinus,40,Delphinus,PMC_12_A33
0.554285407599814,0.04295265599343187,0.05877969895028718,0.026282680976430974,0.034474117991509304,0.23067058321308317,0.05255485527544351,Delphinus,41,Delphinus,PMC_12_A33
0.17747874797874796,0.09135555555555555,0.023125,0.19752884615384617,0.11349133749133751,0.19441634615384615,0.2026041666666667,T_truncatus,42,Delphinus,PMC_12_A33
0.6276552981325985,0.06842801405990603,0.1055493271325436,0.03015318194764174,0.04098512896186349,0.0776812392819051,0.049547810483541614,Delphinus,43,Delphinus,PMC_12_A33
0.5258858323068702,0.06790733668818429,0.06001980271190798,0.011492003182026884,0.13641275945413361,0.1495398070397206,0.048742458617156384,Delphinus,44,Delphinus,PMC_12_A33
0.3373910354839271,0.028485822510822514,0.05603660956969891,0.0,0.31394304397956296,0.07790102813852813,0.1862424603174603,Delphinus,45,Delphinus,PMC_12_A33
0.33027648285511674,0.11769846127151401,0.01312943722943723,0.01717090909090909,0.3764956807683933,0.0380699274412099,0.10715910134341987,S_frontalis,46,Delphinus,PMC_12_A33
0.3843333333333333,0.010166666666666666,0.462,0.002333333333333333,0.053,0.006166666666666667,0.082,S_bredanensis,47,Delphinus,PMC_12_A33
0.15027564102564103,0.213,0.015,0.18075,0.259974358974359,0.037,0.144,S_frontalis,48,Delphinus,PMC_12_A33
0.32072522181175206,0.08973333333333332,0.054,0.12540568974771873,0.14593350383631712,0.053660493827160496,0.21054175744371825,Delphinus,49,Delphinus,PMC_12_A33
0.6166820615501966,0.03176990553306343,0.018026315789473685,0.036120401337792644,0.14435416666666667,0.044359649122807016,0.1086875,Delphinus,50,Delphinus,PMC_12_A33
0.5508874167006663,0.13821052631578948,0.09411929824561403,0.021719298245614034,0.14382967836257307,0.01159123827009384,0.039642543859649125,Delphinus,51,Delphinus,PMC_12_A33
0.2823323772810385,0.08820767658095245,0.08549303760755374,0.10131896551724139,0.2366958913628864,0.027226229785053315,0.17872582186527422,Delphinus,52,Delphinus,PMC_12_A33
0.6147988095238095,0.06532083333333333,0.041,0.03808333333333333,0.1245345238095238,0.0280625,0.0882,Delphinus,53,Delphinus,PMC_12_A33
0.20171169517233525,0.09146214271610402,0.023243061364123737,0.0020352613671512526,0.4651093868557202,0.03400858008060155,0.18242987244396391,S_frontalis,54,Delphinus,PMC_12_A33
0.6245640816055289,0.15711961722488038,0.05018179824561404,0.014177631578947369,0.10254495614035088,0.018644371345029238,0.032767543859649126,Delphinus,55,Delphinus,PMC_12_A33
0.17155566286078472,0.04523458110516934,0.04429832170156199,0.00901923076923077,0.5002803261065595,0.16806095833904655,0.06155091911764706,S_frontalis,56,Delphinus,PMC_12_A46
0.6744966860668551,0.02295200636178387,0.023051197198751896,0.05488615288084451,0.01502413714329888,0.18913104219954852,0.02045877814891718,Delphinus,57,Delphinus,PMC_12_A47
0.4760125808005037,0.08351891885176595,0.04104810056894604,0.015154480822134683,0.08276692207799788,0.27688117979928073,0.024617817079370975,Delphinus,58,Delphinus,PMC_12_A47
0.1953625498623682,0.15651015528485887,0.03599598781056193,0.07147957047596924,0.2765000833271324,0.10897035810099433,0.15518129513811513,S_frontalis,59,Delphinus,PMC_12_A47
0.48057262905908277,0.08676540021668111,0.05989276573345018,0.0885560596354782,0.0757573319364207,0.13110703042380886,0.07734878299507832,Delphinus,60,Delphinus,PMC_12_A47
0.7699143691022755,0.028275338037675145,0.013876765880153696,0.016413128057252507,0.018184363943261703,0.12239572226266539,0.030940312716716357,Delphinus,61,Delphinus,PMC_12_A47
0.5291353516732803,0.11420940738293062,0.09244633431085043,0.055859537645453136,0.03345556348285937,0.03477279292300873,0.14012101258161738,Delphinus,62,Delphinus,PMC_12_A47
0.3678456167866784,0.02718816210529621,0.02704225352112676,0.09359557252651479,0.026548106623842663,0.4157402884365412,0.04204,S_longirostris,63,Delphinus,PMC_12_A47
0.3671959285725426,0.07038183421516754,0.030066666666666665,0.0935306487206111,0.16749778456837283,0.1387735252855351,0.13255361197110424,Delphinus,64,Delphinus,PMC_12_A47
0.08414670565302146,0.47068894736842104,0.027,0.018131578947368422,0.1367345029239766,0.036776315789473685,0.2265219493177388,S_attenuata,65,Delphinus,PMC_12_A47
0.36277206421889463,0.08369364690090497,0.07887174066243832,0.2295396905725853,0.05306526672252478,0.05572330523836624,0.13633428568428568,Delphinus,66,Delphinus,PMC_12_A47
0.6072022719237105,0.02169678782178782,0.009,0.06302777777777778,0.037060898140009756,0.15252076635750308,0.10949149797921096,Delphinus,67,Delphinus,PMC_12_A47
0.7629267710366825,0.03566073111989819,0.01535583446404342,0.03498326132006887,0.08382077296323397,0.05013118049636373,0.01712144859970947,Delphinus,68,Delphinus,PMC_12_A47
0.11125325624667731,0.17853219696969694,0.004,0.068683908045977,0.05377381711855397,0.36878927775944564,0.21496754385964914,S_longirostris,69,Delphinus,PMC_12_A47
0.473025951852001,0.08825529480635624,0.014614517452623557,0.0021117499211948257,0.1823943218778735,0.08700014943769092,0.15259801465225975,Delphinus,70,Delphinus,PMC_12_A47
0.10945247050917421,0.1918693305662346,0.016225490196078433,0.11921378968253968,0.252269505758072,0.07201395173453998,0.23895546155336106,S_frontalis,71,Delphinus,PMC_12_A47
0.5328932323010228,0.052354799122600534,0.022055555555555557,0.07942537796440235,0.08479595930568434,0.0801832259338845,0.14829184981684984,Delphinus,72,Delphinus,PMC_12_A47
0.031018518518518518,0.5935327009936766,0.0,0.3114243902439024,0.005,0.046,0.013024390243902438,S_attenuata,73,Delphinus,PMC_12_A47
0.16,0.094,0.088,0.082,0.14,0.243,0.193,S_longirostris,74,Delphinus,PMC_12_A47
0.03034518989782148,0.1059118439126663,0.016026315789473684,0.05302929197994988,0.6672732813722654,0.017152172285918414,0.11026190476190477,S_frontalis,75,Delphinus,PMC_12_A47
0.45443258709884893,0.08440750862294824,0.01890995492314278,0.0015196078431372548,0.13938695109994095,0.16902719776097389,0.13231619265100797,Delphinus,76,Delphinus,PMC_12_A47
0.1834945063530059,0.22046968609404943,0.01003125,0.03054761904761905,0.030908175456562555,0.2460775775775776,0.27847118547118543,T_truncatus,77,Delphinus,PMC_12_A47
0.5751547345686573,0.033212508345717304,0.15596333807154703,0.07515040664738043,0.044708025613662945,0.057139112680105984,0.05867187407292906,Delphinus,78,Delphinus,PMC_12_A47
0.2479650785518843,0.30083184125876833,0.007027777777777778,0.025603284025007576,0.009492266164823147,0.2482618509871709,0.1608179012345679,S_attenuata,79,Delphinus,PMC_12_A47
0.22193825160587835,0.08448076162189065,0.031016129032258064,0.045339285714285714,0.13713517665130567,0.1631054636394498,0.31698493173493175,T_truncatus,80,Delphinus,PMC_12_A47
0.06939001565221113,0.0763486767022483,0.2125936507936508,0.009115299334811528,0.5635354855887256,0.028011226681912634,0.04100564524643989,S_frontalis,81,Delphinus,PMC_12_A47
0.2888566548075169,0.09911111111111111,0.0185,0.005,0.13166203703703705,0.4278285303776684,0.029041666666666664,S_longirostris,82,Delphinus,PMC_12_A47
0.1950047619047619,0.08335,0.126,0.022016666666666667,0.09986190476190475,0.10276666666666666,0.371,T_truncatus,83,Delphinus,PMC_12_A47
0.41667556589672516,0.04102767850683698,0.0768407631905221,0.07056765593561369,0.15743267193862015,0.16675172338936115,0.07070394114232074,Delphinus,84,Delphinus,PMC_12_A47
0.15759530406846042,0.09748721092321155,0.00431577380952381,0.003718518518518518,0.0725267043142043,0.2196213919995897,0.44473509636649167,T_truncatus,85,Delphinus,PMC_12_A47
0.2177266903803469,0.18154713236367465,0.012514925373134329,0.2392156698748041,0.033,0.08446934744013875,0.23152623456790125,S_clymene,86,Delphinus,PMC_12_A47
0.1611914919875446,0.21502523353839142,0.228,0.03935606060606061,0.16371637426900582,0.05387750626566416,0.1388333333333333,S_bredanensis,87,Delphinus,PMC_12_A47
0.40191867770128564,0.06684845254405666,0.05360442117250941,0.10306609987907975,0.13633296171206388,0.14309902751388046,0.09513035947712417,Delphinus,88,Delphinus,PMC_12_A47
0.5383223672760895,0.06361437352890555,0.0251030303030303,0.034254403056938554,0.11390997318467617,0.1564583946786656,0.06833745797169444,Delphinus,89,Delphinus,PMC_12_A47
0.9210635770778459,0.0031220096518017114,9.94134927482641e-05,0.01211874957881259,0.00793861914958771,0.04930445771217123,0.0063531733370327395,Delphinus,90,Delphinus,PMC_12_A47
0.33028457538121536,0.21820216409898185,0.08718303464755077,0.007125,0.18033988837259665,0.038363682863441786,0.13850165463621342,Delphinus,91,Delphinus,PMC_12_A47
0.11514285714285714,0.23358214285714285,0.004571428571428571,0.0755,0.13475,0.29431666666666667,0.14213690476190477,S_longirostris,92,Delphinus,PMC_12_A47
0.3641237099782736,0.10681068431949439,0.08907992884308673,0.05330758082497213,0.17816549845560353,0.11028481658763072,0.09822778099093889,Delphinus,93,Delphinus,PMC_12_A47
0.512969812327975,0.05703291924090475,0.06504025686991677,0.03829317113480419,0.12143203237848546,0.14549122627015618,0.059740581777757575,Delphinus,94,Delphinus,PMC_12_A47
0.05007142857142857,0.35600988863287253,0.002,0.1655,0.05908534946236559,0.12233333333333332,0.245,S_attenuata,95,Delphinus,PMC_12_A47
0.133,0.056,0.014,0.256,0.418,0.018,0.105,S_frontalis,96,Delphinus,PMC_12_A47
0.12597712418300655,0.07876388888888888,0.006,0.20000211146540836,0.04540294117647059,0.39494216958034334,0.14891176470588235,S_longirostris,97,Delphinus,PMC_12_A62
0.3336268074692254,0.10464985269023622,0.03692857142857143,0.06355757160155188,0.01710549645390071,0.4291108670231811,0.015020833333333332,S_longirostris,98,Delphinus,PMC_12_A62
0.6064823378359205,0.1475775227948641,0.005255663492748265,0.004156330755263097,0.045439295040141055,0.05535843556582107,0.13573041451524176,Delphinus,99,Delphinus,PMC_12_A62
0.001,0.029077205882352943,0.0,0.9266655443756451,0.00905,0.014067543859649125,0.02013970588235294,S_clymene,100,Delphinus,PMC_12_A62
0.046888508891928866,0.083,0.287,0.046189922480620156,0.004029411764705882,0.38236274509803925,0.15052941176470588,S_longirostris,101,Delphinus,PMC_12_A62
0.4606847093124268,0.10473591269841269,0.03461361111111111,0.050639116161616156,0.041130924148315456,0.24846759525498655,0.059728131313131316,Delphinus,102,Delphinus,PMC_12_A62
0.09027798642207137,0.015583333333333333,0.299,0.06710969473734893,0.016666666666666663,0.3872,0.1241623188405797,S_longirostris,103,Delphinus,PMC_12_A62
0.23499107142857145,0.07461607142857143,0.04659523809523809,0.3176041666666667,0.016041666666666666,0.17615178571428572,0.134,S_clymene,104,Delphinus,PMC_12_A62
0.23911350957979896,0.1284067473067473,0.007973536299765807,0.23832954545454543,0.1335932819113756,0.20561327369608218,0.046970105751684706,Delphinus,105,Delphinus,PMC_12_A62
0.3097265148625535,0.06903271276644449,0.014390086469370358,0.02466930445810165,0.027589163615964394,0.29621286604583125,0.2583793517817344,Delphinus,106,Delphinus,PMC_12_A62
0.28214210526315786,0.09954131578947369,0.12725,0.033125,0.18456526315789476,0.14041798245614034,0.13295833333333332,Delphinus,107,Delphinus,PMC_12_A62
0.24355509974353204,0.11583844485877964,0.020636897824397826,0.13986858225108223,0.3901104574130013,0.04490511933023454,0.04508539857897244,S_frontalis,108,Delphinus,PMC_12_A62
0.05667652558473908,0.22176902502157034,0.006028571428571428,0.02510062111801242,0.5299228651211856,0.03342564102564103,0.12707675070028013,S_frontalis,109,Delphinus,PMC_12_A62
0.47380362922253244,0.11558115296473502,0.06457532528633654,0.017228073895727756,0.08211407323344747,0.20584154836090332,0.04085619703631734,Delphinus,110,Delphinus,PMC_12_A62
0.2724719822812846,0.14076666666666665,0.08725,0.01521923076923077,0.197619043359741,0.18409615384615388,0.10257692307692308,Delphinus,111,Delphinus,PMC_12_A62
0.3494654141636784,0.10632246942492844,0.028456349206349204,0.06386471861471861,0.037455447852265594,0.21804671184917085,0.19638888888888892,Delphinus,112,Delphinus,PMC_3_A68
0.2512233673493739,0.20737331412718737,0.016087708066581306,0.1003356353091813,0.025399142338776184,0.13007881982188702,0.269502012987013,T_truncatus,113,Delphinus,PMC_3_A68
0.5139298416736922,0.08998359523504439,0.058397380414917065,0.01726519380759412,0.0447071106163303,0.03947426065782426,0.23624261759459764,Delphinus,114,Delphinus,PMC_3_A68
0.4496030062871095,0.14232475880554604,0.018757889536784804,0.0031435185185185186,0.19921975117561747,0.05990719328920069,0.12704388238722297,Delphinus,115,Delphinus,PMC_3_A68
0.03430263157894737,0.43123664203723133,0.030296929824561402,0.006,0.07963989161443945,0.1355,0.28302390494482044,S_attenuata,116,Delphinus,PMC_3_A68
0.5793131202177453,0.11951629134894969,0.03286771178265356,0.046104653877705556,0.05536698120068154,0.07956203746042116,0.08726920411184313,Delphinus,117,Delphinus,PMC_6_A51
0.5363009709022705,0.17500141872115865,0.04844349680170575,0.03512122788592894,0.1270155237640705,0.01938729909553824,0.058730062829327544,Delphinus,118,Delphinus,PMC_6_A51
0.12942738095238096,0.16331666666666667,0.0435,0.28598511904761903,0.15325,0.0565,0.1680208333333333,S_clymene,119,Delphinus,PMC_6_A51
0.5267235578693432,0.030520585474000925,0.02466190476190476,0.041011703254212946,0.0388494947181,0.25478288310289815,0.08344987081953996,Delphinus,120,Delphinus,PMC_6_A51
0.3650426728217201,0.08158130100893259,0.04410818713450293,0.025027777777777777,0.20055803086014756,0.19153798511351772,0.09214404528340132,Delphinus,121,Delphinus,PMC_6_A51
0.47196212298717477,0.029835076979901776,0.017078616483300165,0.023462703597148502,0.08918947937823095,0.2647214235880161,0.10375057698622778,Delphinus,122,Delphinus,PMC_6_A51
0.3739235060810155,0.03414488416988417,0.025,0.014,0.03326433537858023,0.05008167559096252,0.46958559877955763,T_truncatus,123,Delphinus,PMC_6_A51
0.6488345389953359,0.06575338682917573,0.009130308441035228,0.017122479881346454,0.005595491294015034,0.11706123783494861,0.13650255672414313,Delphinus,124,Delphinus,PMC_6_A51
0.04673677602109468,0.04909725734567202,0.0487045536285532,0.05232222187794356,0.558757149398413,0.13317248097814138,0.11120956075018208,S_frontalis,125,Delphinus,PMC_6_A51
0.24122466214133195,0.07609070464767616,0.009086363636363635,0.05723319805194805,0.050907142857142866,0.5167236429512517,0.048734285714285716,S_longirostris,126,Delphinus,PMC_6_A51
0.14531709956709957,0.20813969696969695,0.011162337662337663,0.023045454545454546,0.06146212121212121,0.37062545454545454,0.1802478354978355,S_longirostris,127,Delphinus,PMC_6_A51
0.67069225566856,0.100270447496677,0.03005806010928962,0.04004166666666667,0.05789358325540598,0.041108932027092406,0.05993505477630838,Delphinus,128,Delphinus,PMC_6_A51
0.3311194186331774,0.0734421963918904,0.0604244008714597,0.030484001782531196,0.2241160701472669,0.2195605141011587,0.060853398072515726,Delphinus,129,Delphinus,PMC_6_A51
0.5016697265832827,0.06752008547008546,0.01635714285714286,0.03654545454545455,0.05919413762025321,0.25256037473898074,0.06615307818480044,Delphinus,130,Delphinus,PMC_6_A51
0.47659390497264315,0.05377193270022827,0.023749863700842255,0.015628839796493658,0.06491979609139469,0.27182627457098846,0.09350938816740947,Delphinus,131,Delphinus,PMC_6_A51
0.2864660992256331,0.2843327619414483,0.012359781320374541,0.06749128787878789,0.06101176267235589,0.21347991535300856,0.0748583916083916,Delphinus,132,Delphinus,PMC_6_A51
0.768266319222156,0.008924314904927802,0.010537762583609497,0.03332210241622687,0.02996877741524624,0.11398025550596205,0.035000467951871596,Delphinus,133,Delphinus,PMC_6_A51
0.3726418621805349,0.055255301296720065,0.045436572199730095,0.050086956521739126,0.19899402771141902,0.12428607052748929,0.15329920956236748,Delphinus,134,Delphinus,PMC_6_A51
0.35617221159033924,0.07330409429478371,0.026475246940881613,0.16874460666729038,0.1579876109200573,0.11983944356183328,0.09747678602481442,Delphinus,135,Delphinus,PMC_6_A51
0.1373895807388958,0.07498933831229385,0.05510683468399631,0.054081714512968115,0.49174503278806914,0.08178504273504274,0.10490245622873412,S_frontalis,136,Delphinus,PMC_6_A51
0.14368685425685424,0.18198297628142163,0.06005982438429919,0.029585454545454547,0.22254318227290915,0.05606818181818182,0.30607352644087943,T_truncatus,137,Delphinus,PMC_6_A51
0.4338769631667513,0.10746595889452924,0.017379480286738355,0.009268867924528301,0.187276049045351,0.16451744983765168,0.08021523084445015,Delphinus,138,Delphinus,PMC_6_A51
0.49392652372456985,0.047890271491152846,0.01819818031430935,0.01,0.08129181813428989,0.3075527006150252,0.04114050572065278,Delphinus,139,Delphinus,PMC_6_A51
0.465504710810517,0.10726213266872352,0.0316392574798546,0.03920912139503689,0.09611512608190509,0.14845706938452585,0.111812582179437,Delphinus,140,Delphinus,PMC_6_A51
0.43593358481677585,0.09254633026830529,0.030244016458002468,0.12483733041906879,0.0643905703319279,0.08372239566750787,0.1683257720384119,Delphinus,141,Delphinus,PMC_6_A51
0.5215010248737326,0.012478983186279978,0.009528571428571428,0.01637709312545342,0.19972399410310843,0.17335830952650125,0.06703202375635298,Delphinus,142,Delphinus,PMC_6_A51
0.5001156725292286,0.06097413952413953,0.021557142857142855,0.04554545454545455,0.0741941376202532,0.23546037473898077,0.06215307818480044,Delphinus,143,Delphinus,PMC_6_A51
0.39626001481167517,0.06855322104018913,0.01929722222222222,0.076,0.094655368504772,0.15132400793650794,0.19391016548463358,Delphinus,144,Delphinus,PMC_6_A51
0.7328687344919442,0.057867026622012624,0.04517133838383838,0.03834100791479383,0.024569738390561015,0.05834483451720513,0.04283731967964491,Delphinus,145,Delphinus,PMC_6_A51
0.23053731912490838,0.14715049066313274,0.049511543429431364,0.023455938721339654,0.18774432122502396,0.20710861557404664,0.15449177126211722,Delphinus,146,Delphinus,PMC_6_A51
0.29365664408055714,0.13290777338603424,0.017021739130434782,0.06704347826086957,0.014103907867494821,0.3020562300018822,0.17321022727272728,S_longirostris,147,Delphinus,PMC_6_A51
0.22874789231152767,0.24754069879417676,0.022233270202020202,0.04937273087067099,0.012074270168427367,0.17018281904909804,0.26984831860407893,T_truncatus,148,Delphinus,PMC_6_A51
0.30909557250132147,0.20614945897825424,0.036088621321959106,0.08630445725995786,0.14887306394007482,0.07533217618230838,0.13815664981612424,Delphinus,149,Delphinus,PMC_6_A51
0.17592000000000002,0.04613071895424837,0.005,0.023,0.022,0.6999492810457516,0.028,S_longirostris,150,Delphinus,PMC_6_A51
0.3405109090909091,0.053136363636363634,0.005090909090909091,0.028045454545454547,0.034045454545454545,0.5111254545454545,0.028045454545454547,S_longirostris,151,Delphinus,PMC_6_A51
0.08587192331478045,0.05409920634920635,0.003,0.5956518862090291,0.15087698412698416,0.0265,0.084,S_clymene,152,Delphinus,PMC_6_A51
0.5283411974974194,0.09309135802469136,0.0315,0.045083166411374255,0.14323475580051742,0.05574952226599764,0.103,Delphinus,153,Delphinus,PMC_6_A51
0.5314418750983935,0.06093333333333333,0.024071969696969696,0.05013361581920904,0.12784496634026926,0.13955669585217614,0.06601754385964913,Delphinus,154,Delphinus,PMC_6_A51
0.28938919979536026,0.23696650779754666,0.01791115185242974,0.09982183336413199,0.0647530509551208,0.11380404642065561,0.17735420981475505,Delphinus,155,Delphinus,PMC_6_A51
0.5538442281318099,0.0666753776387352,0.015586147186147188,0.12327260574505819,0.17829007823241413,0.033075215184092156,0.0292563478817432,Delphinus,156,Delphinus,PMC_6_A51
0.4265383098708823,0.08741368444002716,0.026110917644183773,0.15477187028657616,0.1885254147508806,0.015064685314685317,0.10157511769276478,Delphinus,157,Delphinus,PMC_9_A102
0.7252777959974552,0.08144448983432233,0.00421902792850583,0.008162156306616097,0.0014069370736613117,0.0933959295810319,0.08609366327840758,Delphinus,158,Delphinus,PMC_9_A102
0.24112310960483385,0.06768382352941177,0.06805022624434388,0.045057692307692306,0.22739023881145579,0.2432576923076923,0.10743721719457014,S_longirostris,159,Delphinus,PMC_9_A102
0.1913728432108027,0.23053225806451613,0.017146511627906976,0.09409999999999999,0.033148387096774194,0.1585,0.2752,T_truncatus,160,Delphinus,PMC_9_A102
0.4305554083330266,0.11637891221899721,0.004,0.03532475514803712,0.04803765154869211,0.17328854412909084,0.19241472862215617,Delphinus,161,Delphinus,PMC_9_A102
0.07901851851851852,0.12998148148148148,0.002,0.608,0.017,0.129,0.035,S_clymene,162,Delphinus,PMC_9_A102
0.2361234486182387,0.10325756144538033,0.06605457926451126,0.026554925287568948,0.30380199212906633,0.04733170212553615,0.21687579112969824,S_frontalis,163,Delphinus,PMC_9_A102
0.078,0.097,0.016,0.268,0.22,0.043,0.278,T_truncatus,164,Delphinus,PMC_9_A102
0.18107155810459172,0.22553109871872937,0.013014925373134329,0.12909945280564847,0.08114487526778295,0.1640969606978551,0.20604112903225807,S_attenuata,165,Delphinus,PMC_9_A102
0.23918809523809523,0.1306928571428571,0.0369888888888889,0.002333333333333333,0.08727020202020203,0.31131829004329,0.19220833333333334,S_longirostris,166,Delphinus,PMC_9_A102
0.31231765313557697,0.055910023442012846,0.06335143056983224,0.06278548713103806,0.16404201114782638,0.2075265193416937,0.13406687523201993,Delphinus,167,Delphinus,PMC_9_A102
0.6632893025482113,0.029996703612479473,0.05751759259259259,0.026827486171236172,0.048790455304928995,0.15437634834430203,0.01920211142624936,Delphinus,168,Delphinus,PMC_9_A102
0.5676392752923356,0.06858808331843375,0.09337897727272727,0.11466952767949284,0.01951329928736629,0.07634987801421701,0.059860959135427216,Delphinus,169,Delphinus,PMC_9_A102
0.6672936738675385,0.02966472422555495,0.042255788866930176,0.04569356310249852,0.025623500331561386,0.08752801682189959,0.10194073278401708,Delphinus,170,Delphinus,PMC_9_A102
0.6246241459780795,0.20984003139170124,0.006128719487470602,0.003122148288057113,0.0003107195370090152,0.10452740882821725,0.051446826489465525,Delphinus,171,Delphinus,PMC_9_A102
0.6938309298371023,0.028169884169884172,0.014017543859649123,0.0500453216374269,0.030237487101354113,0.1354253686329444,0.04827346476163906,Delphinus,172,Delphinus,PMC_9_A102
0.11511111111111111,0.2553888888888889,0.0108,0.16223333333333334,0.049,0.13681666666666667,0.27065,T_truncatus,173,Delphinus,PMC_9_A102
0.6079880336153882,0.03622367204867205,0.0479763673890609,0.057259210526315794,0.08639318796528926,0.06775980840573548,0.09639972004953826,Delphinus,174,Delphinus,PMC_9_A102
0.4975174798216042,0.08842141076495162,0.03026711076280042,0.06861917049735254,0.1272643330392024,0.06943331127561421,0.11847718383847457,Delphinus,175,Delphinus,PMC_9_A102
0.1412142857142857,0.3188095238095238,0.018,0.19421428571428573,0.10828571428571429,0.01,0.20947619047619045,S_attenuata,176,Delphinus,PMC_9_A102
0.23414019697267782,0.15274358974358976,0.012,0.23583957219251336,0.16976390556222493,0.07982923169267707,0.11568350383631713,S_clymene,177,Delphinus,PMC_9_A102
0.21688640880310486,0.030402128168945913,0.21573426459108233,0.012100490196078433,0.3592823714143783,0.025764787552738217,0.13982954927367192,S_frontalis,178,Delphinus,PMC_9_A102
0.31692835911800143,0.18677334664864007,0.05513304713189624,0.16823693064182194,0.0475479093711063,0.04570781909681562,0.17967258799171845,Delphinus,179,Delphinus,PMC_9_A102
0.3636692639012641,0.04566714380337331,0.05411163153786105,0.11507609816653935,0.2444540514119452,0.023704927425515655,0.15331688375350136,Delphinus,180,Delphinus,PMC_9_A102
0.13710818713450293,0.20821435185185186,0.002,0.08508136402113146,0.024666666666666667,0.40312650634923886,0.13980292397660818,S_longirostris,181,Delphinus,PMC_9_A102
0.1648,0.29666666666666663,0.01,0.182,0.127,0.038,0.18153333333333332,S_attenuata,182,Delphinus,PMC_9_A102
0.47489415339832836,0.06323121228774718,0.02358056820480089,0.03838248832661277,0.09471307561748328,0.23332691585604237,0.07187158630898517,Delphinus,183,Delphinus,PMC_9_A102
0.15254487179487178,0.158,0.0555,0.10783333333333332,0.0951025641025641,0.15501923076923077,0.276,T_truncatus,184,Delphinus,PMC_9_A102
0.03,0.5229910745846589,0.004,0.12315120183810534,0.056083333333333325,0.08275,0.18102439024390243,S_attenuata,185,Delphinus,PMC_9_A102
0.9051024685340542,0.007373890343715304,0.002091848450057405,0.033916263258378716,0.007444992657578082,0.03678816107523692,0.007282375680979688,Delphinus,186,Delphinus,PMC_9_A102
0.3637278273809524,0.044113839285714294,0.02503125,0.071,0.08349017857142857,0.36633556547619056,0.04630133928571428,S_longirostris,187,Delphinus,PMC_9_A102
0.0130625,0.033018518518518516,0.0,0.032100000000000004,0.003,0.8788189814814815,0.04,S_longirostris,188,Delphinus,PMC_9_A102
0.4905150612092806,0.04944819405198796,0.1507594274983505,0.049472866892536556,0.06224846538472155,0.12991542615070764,0.06764055881241514,Delphinus,189,Delphinus,PMC_9_A102
0.7639560019193189,0.013618107515432474,0.014091848450057405,0.03407829251436477,0.08601633332392591,0.07596244183048885,0.012276974446411789,Delphinus,190,Delphinus,PMC_9_A102
0.5218365315851742,0.06328706279037516,0.019268092105263156,0.06576488237639554,0.06305563686000717,0.1477784364726752,0.1190093578101097,Delphinus,191,Delphinus,PMC_9_A102
0.24888574597838864,0.0182,0.099,0.095,0.04110515385183208,0.08826244482173175,0.4095466553480475,T_truncatus,192,Delphinus,PMC_9_A102
0.44391392036835653,0.03883111653243444,0.017343461111795883,0.2198158178090898,0.1332591711650334,0.07287533652731229,0.07396117648597762,Delphinus,193,Delphinus,PMC_9_A102
0.7180785282354871,0.033031486878674146,0.032767263035471984,0.020233889897503392,0.12079048370233418,0.056191312679992445,0.01890703557053696,Delphinus,194,Delphinus,PMC_9_A102
0.8104578817244087,0.03156128181427219,0.02574687880569881,0.013139146548013118,0.024773361225125246,0.08170556438185218,0.012615885500629788,Delphinus,195,Delphinus,PMC_9_A102
0.4673141900370162,0.06266493271221531,0.02905,0.06121111111111112,0.05181620553359684,0.2169435606060606,0.111,Delphinus,196,Delphinus,PMC_9_A102
0.02501851851851852,0.4229814814814815,0.001,0.211,0.117,0.09,0.133,S_attenuata,197,S_attenuata,Per_02_A05
0.007,0.005,0.0,0.162,0.002,0.75895,0.06505,S_longirostris,198,S_attenuata,Per_02_A05
0.097265625,0.08293333333333333,0.029,0.14054444444444444,0.008515625,0.102953125,0.5387878472222223,T_truncatus,199,S_attenuata,Per_02_A05
0.04,0.006,0.901,0.004,0.027,0.002,0.02,S_bredanensis,200,S_attenuata,Per_02_A05
0.009,0.006,0.721,0.002,0.002,0.0,0.26,S_bredanensis,201,S_attenuata,Per_02_A05
0.003,0.006,0.863,0.0,0.002,0.001,0.125,S_bredanensis,202,S_attenuata,Per_02_A05
0.30302547067872,0.16530771221532092,0.008,0.1862889328063241,0.058307258683345645,0.18048240296937107,0.09858822264691831,Delphinus,203,S_attenuata,Per_02_A05
0.05622972222222222,0.03331524787692855,0.03,0.03702941176470589,0.7552202609932862,0.012205357142857143,0.076,S_frontalis,204,S_attenuata,Per_02_A05
0.48544589038553265,0.05917356736053545,0.06159523809523809,0.1723588261573449,0.050524278666138046,0.07149442881959718,0.09940777051561366,Delphinus,205,S_attenuata,Per_02_A05
0.12739583333333335,0.2985567528735632,0.0,0.2350969827586207,0.047,0.0590625,0.23288793103448277,S_attenuata,206,S_attenuata,Per_02_A05
0.24084578899361506,0.26111877470355727,0.012,0.08703333333333334,0.03327272727272727,0.18619755751494885,0.17953181818181818,S_attenuata,207,S_attenuata,Per_02_A05
0.018636417530078553,0.7787983190601719,0.002029418126757517,0.011147640058750019,0.08229260638068871,0.0846424791406123,0.022453119702940925,S_attenuata,208,S_attenuata,Per_02_A05
0.22194469350094348,0.19603968253968254,0.10544444444444445,0.0467264880952381,0.12344160561660562,0.11110869963369963,0.19529438616938616,Delphinus,209,S_attenuata,Per_02_A05
0.1926243973432073,0.11941785714285715,0.003017543859649123,0.28112549840510365,0.12842681572813155,0.12841216487413293,0.14697572264691833,S_clymene,210,S_attenuata,Per_02_A05
0.0342034632034632,0.4128482923609965,0.001,0.06331203007518797,0.005049634273772205,0.3150865800865801,0.1685,S_attenuata,211,S_attenuata,Per_02_A05
0.1582109747046818,0.12320823003454584,0.013027027027027027,0.09226512226512226,0.06664079514296906,0.17238695652173913,0.3742608943039149,T_truncatus,212,S_attenuata,Per_02_A05
0.05642795883361921,0.49234813978292236,0.003,0.0030232558139534882,0.325067612740114,0.081,0.03913303282939089,S_attenuata,213,S_attenuata,Per_02_A05
0.11003846153846154,0.2553846153846154,0.022,0.1305,0.14701923076923076,0.16605769230769232,0.169,S_attenuata,214,S_attenuata,Per_02_A05
0.012,0.09105307136404699,0.001,0.1511077235772358,0.010083333333333331,0.6727314814814815,0.06202439024390244,S_longirostris,215,S_attenuata,Per_02_A05
0.058656978331575196,0.08587361399093758,0.030446612330381494,0.0024277104316266515,0.6174086115977605,0.02249531284811269,0.1826911604696058,S_frontalis,216,S_attenuata,Per_02_A05
0.1390833333333333,0.27908341736694675,0.015,0.013,0.14907333333333334,0.2741603921568627,0.1305995238095238,S_attenuata,217,S_attenuata,Per_02_A05
0.06908560606060607,0.3971784393193014,0.005,0.1948,0.0572055433646813,0.10363950216450216,0.1730909090909091,S_attenuata,218,S_attenuata,Per_02_A05
0.03137968416559966,0.10858491435188637,0.0596792776763643,0.0011019280338179195,0.5051675568298643,0.04069812530060342,0.25338851364186415,S_frontalis,219,S_attenuata,Per_02_A05
0.5297463926227862,0.10329129066448255,0.010898581009814544,0.007568822937085316,0.1790296119907321,0.12957442500247382,0.039890875772625366,Delphinus,220,S_attenuata,Per_02_A05
0.053024999999999996,0.19442500000000001,0.001,0.365,0.069025,0.192275,0.12525,S_clymene,221,S_attenuata,Per_02_A05
0.09418840579710146,0.17099542334096107,0.0,0.057542982456140354,0.012,0.37300046113306984,0.29227272727272724,S_longirostris,222,S_attenuata,Per_02_A05
0.04024951395677202,0.20633740029290462,0.014183585858585859,0.01608204334365325,0.32446411306800904,0.14547808346624133,0.25320526001383387,S_frontalis,223,S_attenuata,Per_02_A05
0.03730418196521374,0.6465450006501896,0.003,0.0722568733675427,0.03822461728443897,0.1450875836652691,0.0575817430673458,S_attenuata,224,S_attenuata,Per_02_A05
0.06112059533958512,0.24557096045114699,0.0,0.0131853216374269,0.07654653594771242,0.5680872075391612,0.03548937908496732,S_longirostris,225,S_attenuata,Per_02_A05
0.132,0.2746484848484848,0.0,0.264,0.034,0.20535151515151515,0.09,S_attenuata,226,S_attenuata,Per_02_A05
0.024026315789473684,0.25058288349077823,0.002,0.11963203876627052,0.04605048076923077,0.3066137088158258,0.2510945723684211,S_longirostris,227,S_attenuata,Per_02_A05
0.00901851851851852,0.7459380032206119,0.0,0.09204347826086956,0.084,0.039,0.03,S_attenuata,228,S_attenuata,Per_02_A05
0.039,0.4761893939393939,0.024,0.012,0.2295378787878788,0.00925,0.21002272727272725,S_attenuata,229,S_attenuata,Per_02_A23
0.027133333333333332,0.44382156862745104,0.026735294117647062,0.006,0.3562901960784314,0.0381,0.10191960784313726,S_attenuata,230,S_attenuata,Per_02_A23
0.03903419053185272,0.3571160920117156,0.024290113742303557,0.09108679989881102,0.2921885657270248,0.03996109014675052,0.1563231479415417,S_attenuata,231,S_attenuata,Per_02_A23
0.033,0.52,0.009,0.003,0.051142857142857136,0.005,0.3788571428571429,S_attenuata,232,S_attenuata,Per_02_A23
0.017270053578262532,0.3575391551856104,0.0020149253731343284,0.10501666666666666,0.42005205770597565,0.021107141490350444,0.077,S_frontalis,233,S_attenuata,Per_02_A23
0.059,0.5601333333333334,0.039,0.035,0.1493047619047619,0.03002857142857143,0.12753333333333333,S_attenuata,234,S_attenuata,Per_02_A23
0.001,0.8349086663207058,2.4390243902439026e-05,0.014,0.10504566683964713,0.042,0.003021276595744681,S_attenuata,235,S_attenuata,Per_02_A23
0.16333333333333333,0.35569047619047617,0.006,0.167,0.03214285714285714,0.208,0.06783333333333334,S_attenuata,236,S_attenuata,Per_02_A23
0.023024999999999997,0.8223892857142857,0.0,0.035,0.016024999999999998,0.09106071428571429,0.0125,S_attenuata,237,S_attenuata,Per_02_A23
0.004,0.8156833333333334,0.0,0.01,0.15711666666666668,0.0072,0.006,S_attenuata,238,S_attenuata,Per_02_A23
0.02233023409459012,0.05013546055908137,0.004126495726495726,0.021076647548005603,0.841023295628873,0.01620490354363305,0.045102962899320954,S_frontalis,239,S_attenuata,Per_02_A23
0.0185,0.6740374541994937,2.4390243902439026e-05,0.005,0.2868259698699502,0.004045454545454545,0.011566731141199226,S_attenuata,240,S_attenuata,Per_02_A56
0.013442890442890442,0.6834133449883449,0.0023954545454545452,0.001189044289044289,0.09564248251748252,0.005176923076923076,0.1987398601398601,S_attenuata,241,S_attenuata,Per_02_A56
0.40139218960069045,0.07770752785842391,0.04648617695993085,0.1064642857142857,0.07197095884470878,0.07626996090456993,0.21970890011739022,Delphinus,242,S_attenuata,Per_02_A56
0.15051893419792622,0.12396661233276238,0.016026315789473684,0.3330623461853979,0.058043478260869565,0.03907570945998536,0.2793066037735849,S_clymene,243,S_attenuata,Per_02_A56
0.19604891304347824,0.1892493961352657,0.07585507246376813,0.15076666666666666,0.09183876811594203,0.05497584541062803,0.24126533816425122,T_truncatus,244,S_attenuata,PMC_12_A42
0.0597,0.5930003329873724,0.002024390243902439,0.007064322469982848,0.2535779352787552,0.026545454545454546,0.05808756447453255,S_attenuata,245,S_attenuata,PMC_12_A42
0.04777976190476191,0.6459266233766234,0.0265,0.001,0.14743349248790424,0.021035014005602242,0.11032510822510824,S_attenuata,246,S_attenuata,PMC_12_A42
0.12491666666666668,0.3479166666666667,0.013,0.068,0.22583333333333333,0.04916666666666667,0.17116666666666666,S_attenuata,247,S_attenuata,PMC_12_A42
