,Delphinus_KFOLD_5,S_attenuata_KFOLD_5,S_bredanensis_KFOLD_5,S_clymene_KFOLD_5,S_frontalis_KFOLD_5,S_longirostris_KFOLD_5,T_truncatus_KFOLD_5,Max_Score,Classification
0,0.0861417195902615,0.3897007676868236,0.022360606746447617,0.08958826455944405,0.10461334788897683,0.17018155461183065,0.13741373891621578,0.3897007676868236,S_attenuata_KFOLD_5
1,0.11247790242767781,0.1160811769575703,0.01583569230268495,0.10341497696324682,0.3898051862354574,0.09942271833524645,0.16296234677811636,0.3898051862354574,S_frontalis_KFOLD_5
2,0.07562318748563866,0.11480116167269046,0.01689477438780402,0.06558670250433561,0.514614585237544,0.06209332181192985,0.15038626690005735,0.514614585237544,S_frontalis_KFOLD_5
3,0.014472719216956743,0.8200485642521347,0.003311944776557644,0.014311292513351679,0.04980793096943956,0.05685962356806198,0.04118792470349773,0.8200485642521347,S_attenuata_KFOLD_5
4,0.220149532361253,0.17449967215748768,0.04218850612950283,0.017126674298666055,0.33612767607872013,0.09857779492022724,0.11133014405414313,0.33612767607872013,S_frontalis_KFOLD_5
5,0.08684486015614169,0.13315765556322562,0.021574209292560462,0.12951373399591043,0.37773880922082576,0.08089286649259074,0.1702778652787453,0.37773880922082576,S_frontalis_KFOLD_5
6,0.04843222372713151,0.0875684298863065,0.011352165425107955,0.024222916801469496,0.7204049609970149,0.0333710638445407,0.07464823931842902,0.7204049609970149,S_frontalis_KFOLD_5
7,0.15096857718269147,0.16950016621721786,0.009847946276177978,0.1489374636120425,0.27397401641571467,0.07277136635720885,0.1740004639389467,0.27397401641571467,S_frontalis_KFOLD_5
8,0.08860930388466379,0.4761987400079949,0.030262349932612446,0.02057755933416645,0.195569583432456,0.030109972914710414,0.158672490493396,0.4761987400079949,S_attenuata_KFOLD_5
9,0.1621324332115784,0.12371075264159526,0.018522157652080967,0.16913204321939487,0.27936671850156036,0.10427865010956058,0.14285724466422958,0.27936671850156036,S_frontalis_KFOLD_5
10,0.19161294656815503,0.3690304217843391,0.007911236215920839,0.0801221004727958,0.1759149906104569,0.05685878847064193,0.11854951587769043,0.3690304217843391,S_attenuata_KFOLD_5
11,0.05742642772353641,0.5006768203125004,0.044544210764398864,0.09046958956447845,0.09634647455394248,0.11837220332047767,0.09216427376066574,0.5006768203125004,S_attenuata_KFOLD_5
12,0.1307294249492809,0.11623488018045994,0.018123766770189967,0.10690183394523456,0.3705789113644621,0.09313860920620784,0.16429257358416471,0.3705789113644621,S_frontalis_KFOLD_5
13,0.07042220534131047,0.09012574070857053,0.02121986832122301,0.06914507740224643,0.5500044094829717,0.059254207037899964,0.13982849170577802,0.5500044094829717,S_frontalis_KFOLD_5
14,0.018069664008798194,0.47297384782414775,0.020194260597309235,0.004588494552852757,0.3972256294554101,0.01691923019209092,0.07002887336939095,0.47297384782414775,S_attenuata_KFOLD_5
15,0.012277897526074787,0.7589364556051841,0.006629557991559186,0.022004414005402834,0.06700396229621129,0.045270679957809076,0.08787703261775881,0.7589364556051841,S_attenuata_KFOLD_5
16,0.18270153805927253,0.2526065409649021,0.025997545855154125,0.07561106083526284,0.07243474329902433,0.07434930504837386,0.3162992659380102,0.3162992659380102,T_truncatus_KFOLD_5
17,0.10382711804599298,0.11906199887080844,0.04122949664247633,0.01749294597678209,0.5017245967242706,0.11151816958836092,0.10514567415130867,0.5017245967242706,S_frontalis_KFOLD_5
18,0.10970457091327217,0.2997424567439619,0.007842896082756418,0.2080536857140003,0.035419579108203515,0.0672359281809036,0.27200088325690214,0.2997424567439619,S_attenuata_KFOLD_5
19,0.18971231941440383,0.1307016937649432,0.023386927594460948,0.15608754394472166,0.15996462795831953,0.158386921021339,0.18175996630181182,0.18971231941440383,Delphinus_KFOLD_5
20,0.19797250368069422,0.20765880888833563,0.01725720968459689,0.13929286475017552,0.03793411614659721,0.10710657281234737,0.29277792403725317,0.29277792403725317,T_truncatus_KFOLD_5
21,0.1234608205336917,0.0930634640845782,0.031015348575321372,0.09621846854872607,0.4287708247630051,0.07326068980426108,0.15421038369041656,0.4287708247630051,S_frontalis_KFOLD_5
22,0.024245136070906868,0.5493500498736102,0.017742736902831603,0.013499377000522766,0.28948836161091995,0.016701902662834934,0.08897243587837364,0.5493500498736102,S_attenuata_KFOLD_5
23,0.06921924720216584,0.31945123976433476,0.014528554659565204,0.1500551035275683,0.2056751274687112,0.06989934809925796,0.17117137927839676,0.31945123976433476,S_attenuata_KFOLD_5
24,0.11513454288721411,0.12297752723569169,0.018406603420371183,0.05483840414230941,0.4532191143242251,0.09586103397748816,0.1395627740127004,0.4532191143242251,S_frontalis_KFOLD_5
25,0.0492610479731053,0.33420839633502436,0.022379639869919987,0.08263709865613086,0.37181277217730047,0.050749405943534096,0.08895163904498493,0.37181277217730047,S_frontalis_KFOLD_5
26,0.13402690213958265,0.19181352419597006,0.06412706810059318,0.050859209109227296,0.35531687283616903,0.06357059109684877,0.14028583252160903,0.35531687283616903,S_frontalis_KFOLD_5
27,0.04438849982975436,0.09887868823471316,0.011412369084612874,0.06502807266281277,0.6344373996726659,0.02307246233436734,0.12278250818107377,0.6344373996726659,S_frontalis_KFOLD_5
28,0.10993628417569049,0.2922165041250696,0.009343387983544253,0.20724718377048346,0.036861625499177195,0.08284271756102256,0.26155229688501247,0.2922165041250696,S_attenuata_KFOLD_5
29,0.1343971939646962,0.14099603798138824,0.04165611605780349,0.022081640525782695,0.4438224450130727,0.1086601132720981,0.10838645318515865,0.4438224450130727,S_frontalis_KFOLD_5
30,0.10974136544117903,0.19037580463550102,0.03273602260722082,0.22117183395054846,0.12165391629840216,0.09331390218935523,0.23100715487779327,0.23100715487779327,T_truncatus_KFOLD_5
31,0.2662619480435593,0.12295372927362931,0.029625521712296092,0.10098191286738072,0.16665279671761474,0.13253189634481596,0.18099219504070393,0.2662619480435593,Delphinus_KFOLD_5
32,0.08813530899608121,0.3021850382626023,0.02034910801085609,0.23972040528559496,0.07576267512112225,0.06718412730410493,0.2066633370196383,0.3021850382626023,S_attenuata_KFOLD_5
33,0.030356230218298835,0.3702840574878813,0.0008714200713634331,0.1129486181137479,0.3400927005731786,0.05436197008802286,0.09108500344750717,0.3702840574878813,S_attenuata_KFOLD_5
34,0.052776246705453944,0.3013063917354859,0.004180188151591933,0.07932627076848692,0.3666902638804236,0.03429090715550917,0.16142973160304855,0.3666902638804236,S_frontalis_KFOLD_5
35,0.04017396912495652,0.45827317182616883,0.08261822716822191,0.015067356079012722,0.27557947137451944,0.016853686960547974,0.11143411746657261,0.45827317182616883,S_attenuata_KFOLD_5
36,0.17550759128744875,0.17067606730848922,0.09572433616916041,0.07043282293627608,0.2914219761475481,0.05466990526824163,0.14156730088283578,0.2914219761475481,S_frontalis_KFOLD_5
37,0.05434814074588786,0.3341757854033565,0.007271565583372608,0.06881295186364407,0.35144241326030395,0.0410065346183633,0.1429426085250718,0.35144241326030395,S_frontalis_KFOLD_5
38,0.06925080764177681,0.3403601687252314,0.010360565792032136,0.30024971578161186,0.057693684968756855,0.05706631736269322,0.16501873972789777,0.3403601687252314,S_attenuata_KFOLD_5
39,0.17188326786755875,0.12091746229648397,0.01929353373752854,0.11224861979437069,0.22888761515678308,0.16215870759853596,0.18461079354873902,0.22888761515678308,S_frontalis_KFOLD_5
40,0.09155332603222063,0.26371403552586564,0.017332978795190166,0.3110630268451019,0.045023402359356667,0.08039646519985091,0.19091676524241405,0.3110630268451019,S_clymene_KFOLD_5
41,0.0615116061979241,0.1185717584764081,0.0676580673338304,0.016986726281872328,0.5480093852596544,0.06280801987111867,0.12445443657919204,0.5480093852596544,S_frontalis_KFOLD_5
42,0.09291080484099808,0.24594099843200623,0.0209794802196073,0.2376398169682865,0.10905931503215097,0.05978439677250844,0.23368518773444252,0.24594099843200623,S_attenuata_KFOLD_5
43,0.024351736770998708,0.5590506397977874,0.0031167296157374323,0.14002125346178468,0.1126101199740023,0.0839946701550304,0.07685485022465921,0.5590506397977874,S_attenuata_KFOLD_5
44,0.039209953498065206,0.48073536409259454,0.007369649526898154,0.06317846722253247,0.28314959521974103,0.06483674503327107,0.061520225406897625,0.48073536409259454,S_attenuata_KFOLD_5
45,0.12375050876471594,0.41531202410657525,0.014517311284149372,0.05667669877779362,0.20433810010611766,0.11873373625252878,0.06667162070811941,0.41531202410657525,S_attenuata_KFOLD_5
46,0.03983383948805923,0.5449567089941343,0.010577562652855315,0.10583030615053775,0.18360391656044828,0.04580864163419333,0.06938902451977193,0.5449567089941343,S_attenuata_KFOLD_5
47,0.01743321100905098,0.29271410396124226,0.0007250007736502478,0.14483167688539494,0.3942388025381901,0.0588206103774178,0.09123659445505371,0.3942388025381901,S_frontalis_KFOLD_5
48,0.08131970235038473,0.4294548687727587,0.018536847864096383,0.045887515662532886,0.27290109072971136,0.06994830938102048,0.08195166523949551,0.4294548687727587,S_attenuata_KFOLD_5
49,0.1359456582041651,0.2560953144975,0.010729391631486365,0.22427365951518907,0.039033843950523256,0.0990231928516113,0.23489893934952494,0.2560953144975,S_attenuata_KFOLD_5
50,0.3606628298657452,0.0789577093421428,0.040208471564935885,0.21591347621508708,0.13272341496131995,0.0715233758786575,0.10001072217211164,0.3606628298657452,Delphinus_KFOLD_5
51,0.5760422508126155,0.06909509965254895,0.044431840932680676,0.027781360877123278,0.024765519197028976,0.05414131765106024,0.20374261087694237,0.5760422508126155,Delphinus_KFOLD_5
