,Delphinus_LOGO_WH,S_attenuata_LOGO_WH,S_bredanensis_LOGO_WH,S_clymene_LOGO_WH,S_frontalis_LOGO_WH,S_longirostris_LOGO_WH,T_truncatus_LOGO_WH,Max_Score,Classification
0,0.2207547364770262,0.1845115261409786,0.03285402988665417,0.09367044442433661,0.1006314516544898,0.15203900704362922,0.21553880437288572,0.2207547364770262,Delphinus_LOGO_WH
1,0.10072221267589083,0.17275469845871366,0.023596451408560384,0.08062816088127855,0.40400376127811494,0.07844880675655255,0.1398459085408895,0.40400376127811494,S_frontalis_LOGO_WH
2,0.03996239878400639,0.22019749892682655,0.017482517867974483,0.016063500389818675,0.4861663996242031,0.05479328473352596,0.16533439967364497,0.4861663996242031,S_frontalis_LOGO_WH
3,0.259158192438777,0.07810494416407351,0.09300169507184133,0.026505859139843824,0.34664165854962026,0.09005458203078368,0.10653306860506069,0.34664165854962026,S_frontalis_LOGO_WH
4,0.12387666660663688,0.17395332918406123,0.03744262575538758,0.19882335073143148,0.18107232263374184,0.044772392115453565,0.24005931297328748,0.24005931297328748,T_truncatus_LOGO_WH
5,0.026825660086986735,0.3206329796688659,0.008017684957882286,0.004798848952813808,0.3972049115524635,0.018340500991886933,0.2241794137891009,0.3972049115524635,S_frontalis_LOGO_WH
6,0.03523260348845277,0.31877591103188746,0.009426519933776207,0.004526833294785806,0.40433934233502544,0.021528738675787567,0.2061700512402848,0.40433934233502544,S_frontalis_LOGO_WH
7,0.027862220231743784,0.24256962232199225,0.009102658212723923,0.015056895893453992,0.5541271413652823,0.024230262942176915,0.12705119903262696,0.5541271413652823,S_frontalis_LOGO_WH
8,0.10888185469397318,0.284221188283036,0.02000134367142997,0.07910017140740747,0.19785744775363365,0.07552632043539001,0.23441167375512997,0.284221188283036,S_attenuata_LOGO_WH
9,0.24965973663502133,0.08262758109117055,0.16233296984168927,0.058613065614232254,0.261032546450717,0.12070021435011083,0.06503388601705887,0.261032546450717,S_frontalis_LOGO_WH
10,0.1297979991304153,0.1310543685995728,0.019006636410329566,0.2544279608435251,0.21771999965316277,0.054188088485556465,0.1938049468774383,0.2544279608435251,S_clymene_LOGO_WH
11,0.14304780113075996,0.08719760200088675,0.04359997011309242,0.06597786739680585,0.38723445079616203,0.15136428167187485,0.12157802689041856,0.38723445079616203,S_frontalis_LOGO_WH
12,0.47858661635998434,0.08904027213005498,0.04701639001416222,0.024851983663357384,0.21632401800516474,0.051022037950710385,0.09315868187656615,0.47858661635998434,Delphinus_LOGO_WH
13,0.2838567530027907,0.3111752109952365,0.023067346480355196,0.03889083551014705,0.18331140357254916,0.06929488021914695,0.09040357021977453,0.3111752109952365,S_attenuata_LOGO_WH
14,0.3461315377308189,0.07648075297493802,0.026370214082996446,0.1587867147339357,0.1446005230815872,0.11398763412133447,0.1336426232743893,0.3461315377308189,Delphinus_LOGO_WH
15,0.09452053756113839,0.055470608371308294,0.010465730897777841,0.5849718060889125,0.07085444933716714,0.09146427127802972,0.09225259646566626,0.5849718060889125,S_clymene_LOGO_WH
16,0.21480879681392376,0.08336162230889706,0.16057882696870868,0.03830456642169505,0.2782372571020228,0.09889150502439563,0.1258174253603571,0.2782372571020228,S_frontalis_LOGO_WH
17,0.016700498651212904,0.34346981124538173,0.018556757526010517,0.005278782546726421,0.4573235503671812,0.021566489511873864,0.13710411015161378,0.4573235503671812,S_frontalis_LOGO_WH
18,0.014299855734714827,0.3808730500243822,0.01868517862352683,0.0039062221164715416,0.4271470367779019,0.024344430035231405,0.13074422668777125,0.4271470367779019,S_frontalis_LOGO_WH
19,0.04300480973425426,0.5701252903468674,0.013190820960342884,0.00807213477960065,0.2658889078082144,0.025827274311705183,0.07389076205901521,0.5701252903468674,S_attenuata_LOGO_WH
20,0.043814319864167894,0.14889197912393765,0.01997916464225565,0.008037485888115866,0.6176131375560265,0.03750371480718438,0.12416019811831261,0.6176131375560265,S_frontalis_LOGO_WH
21,0.2702766932755897,0.07249057810733911,0.04043609150377374,0.09552988293050806,0.2201869888385144,0.1252817252492277,0.17579804009504743,0.2702766932755897,Delphinus_LOGO_WH
22,0.17357241302687548,0.07455969583711211,0.016565982293533222,0.008830555550997155,0.5255940685978961,0.0676026192484192,0.13327466544516692,0.5255940685978961,S_frontalis_LOGO_WH
23,0.2402575064838314,0.07653864032110103,0.16708583334216048,0.05428998967980171,0.22343615027749392,0.14971914105434675,0.08867273884126477,0.2402575064838314,Delphinus_LOGO_WH
24,0.13828866770441323,0.08131533486219915,0.02929399690887518,0.06150128525860854,0.4018248271995608,0.11752211329695209,0.17025377476939116,0.4018248271995608,S_frontalis_LOGO_WH
25,0.015583575511183856,0.2622691403406808,0.005720451233587611,0.0046552456044177655,0.4765837809481431,0.03356861720002329,0.20161918916196364,0.4765837809481431,S_frontalis_LOGO_WH
26,0.1806540709621149,0.27241009749617884,0.06015927501091541,0.02676792860531111,0.23434248812666442,0.07304689836623098,0.15261924143258446,0.27241009749617884,S_attenuata_LOGO_WH
27,0.12352990623605047,0.032112603308343604,0.4471263130786526,0.09709201959313879,0.12442244859295962,0.06722149771998803,0.10849521147086691,0.4471263130786526,S_bredanensis_LOGO_WH
28,0.11703298171662135,0.0834899942190985,0.019326002673922833,0.057855549814323934,0.4507431210117714,0.11863340321461527,0.1529189473496471,0.4507431210117714,S_frontalis_LOGO_WH
29,0.24905224070893212,0.17704557288880246,0.0529856550907547,0.14780901352402037,0.15459908935603894,0.044453517134164656,0.17405491129728687,0.24905224070893212,Delphinus_LOGO_WH
30,0.08581782694479945,0.4254866997155954,0.01391641157592351,0.025897435862416905,0.30903753086894187,0.049166498281223804,0.09067759675109915,0.4254866997155954,S_attenuata_LOGO_WH
31,0.1253429702463762,0.14907956014687218,0.08359074653307921,0.03809312379459306,0.40702169702530844,0.10190635230829777,0.09496554994547321,0.40702169702530844,S_frontalis_LOGO_WH
32,0.04546919255018973,0.12773429640337136,0.02016878486019932,0.1730554908926865,0.36645111091122756,0.09468789241509143,0.17243323196723423,0.36645111091122756,S_frontalis_LOGO_WH
33,0.520780559353622,0.04967930168487446,0.04124144542475979,0.023193138755268683,0.17085881956773752,0.13495506979272204,0.05929166542101576,0.520780559353622,Delphinus_LOGO_WH
34,0.17226241216550495,0.12787363509098984,0.04253099539806472,0.028625063668294932,0.3829418048710033,0.131677620062644,0.11408846874349834,0.3829418048710033,S_frontalis_LOGO_WH
35,0.20897283264593036,0.07682531278621683,0.02002148792353168,0.015974426015295567,0.36653765509740627,0.1681658729323356,0.1435024125992839,0.36653765509740627,S_frontalis_LOGO_WH
36,0.23256998257122827,0.17752848795315382,0.02313594890609557,0.12816661942479163,0.1108511576012922,0.16991077053257436,0.1578370330108643,0.23256998257122827,Delphinus_LOGO_WH
37,0.07981038079073735,0.10494675225863663,0.008648609834335168,0.34127376347391114,0.23546899953432204,0.11493856273700764,0.1149129313710501,0.34127376347391114,S_clymene_LOGO_WH
38,0.08343960266446167,0.0911496368296454,0.01973992712955706,0.06585491833573776,0.5949550139119137,0.03844473419259886,0.10641616693608617,0.5949550139119137,S_frontalis_LOGO_WH
39,0.12388781639161302,0.07767286610111761,0.029866512802347644,0.06703670502017456,0.5506637042978964,0.05172858348650783,0.09914381190034335,0.5506637042978964,S_frontalis_LOGO_WH
40,0.4219786724132669,0.05785601348649268,0.06260121891319251,0.014015144959328096,0.20501091915091268,0.14726140156354028,0.09127662951326701,0.4219786724132669,Delphinus_LOGO_WH
41,0.028279922725685903,0.11595144217648054,0.005138928111478544,0.03722798789319975,0.6245701351672002,0.04912812946397151,0.1397034544619838,0.6245701351672002,S_frontalis_LOGO_WH
42,0.09705872784885441,0.055052239695279025,0.062084008480573626,0.12812307395603068,0.4560225216512741,0.061214082526751624,0.14044534584123675,0.4560225216512741,S_frontalis_LOGO_WH
43,0.27540672717043585,0.08565497890702341,0.04656461186343086,0.020281825830352405,0.3848692306617208,0.11003683184186994,0.07718579372516687,0.3848692306617208,S_frontalis_LOGO_WH
