Delphinus_LOGO_IND,S_attenuata_LOGO_IND,S_bredanensis_LOGO_IND,S_clymene_LOGO_IND,S_frontalis_LOGO_IND,S_longirostris_LOGO_IND,T_truncatus_LOGO_IND,Species_Classification,UID,EncounterNumber,KnownSpecies
0.14730026526270598,0.041727406353372465,0.03463206044744414,0.4403273416358951,0.1708660360331112,0.051694584435559875,0.11345230583191136,S_clymene,0,PMC_12_A15,Delphinus
0.1780832915742148,0.08473178166323773,0.04724897096978377,0.41072716368746576,0.10017637181537296,0.05942584815668403,0.11960657213324129,S_clymene,1,PMC_12_A15,Delphinus
0.12260225864499488,0.123079881928168,0.032738646176751915,0.3770293039156998,0.11701058116479844,0.07133552346488806,0.15620380470469902,S_clymene,2,PMC_12_A15,Delphinus
0.3776883128719135,0.097793216662059,0.044967608998835236,0.07049898998077822,0.0555945526894096,0.13375612424520952,0.21970119455179515,Delphinus,3,PMC_12_A15,Delphinus
0.21809569140939833,0.17163260874372874,0.02467545510905047,0.06828396816755088,0.037417331697458284,0.1663437866345859,0.31355115823822743,T_truncatus,4,PMC_12_A15,Delphinus
0.6769383937186305,0.022254226957910083,0.028278136860869513,0.04664015872408382,0.06157385960780797,0.10927459048226804,0.05504063364842977,Delphinus,5,PMC_12_A15,Delphinus
0.13594123894598736,0.07310624693078115,0.030860412228522652,0.40871710738570927,0.1605790701875333,0.060711919382770256,0.1300840049386962,S_clymene,6,PMC_12_A15,Delphinus
0.30478304748212803,0.14645153945153452,0.04574301937534285,0.11614201687282431,0.0635326616768152,0.1401524266187599,0.18319528852259562,Delphinus,7,PMC_12_A15,Delphinus
0.4030022386402346,0.17306163541252229,0.022987763462950776,0.05889138523758578,0.038500020641594246,0.14854364503102088,0.1550133115740918,Delphinus,8,PMC_12_A15,Delphinus
0.16203797627573813,0.14312626652226917,0.04070532338132803,0.14251970698000851,0.04660602324602045,0.1628893864850304,0.30211531710960554,T_truncatus,9,PMC_12_A15,Delphinus
0.27850629839458635,0.15298676171872103,0.02399132435279819,0.0727563429005754,0.044062573740000076,0.20201356884699379,0.22568313004632543,Delphinus,10,PMC_12_A15,Delphinus
0.3901569288673761,0.061325586779695254,0.027021821137819764,0.0574728427807558,0.04829356721618458,0.37217386380023587,0.04355538941793271,Delphinus,11,PMC_12_A15,Delphinus
0.6034662978976827,0.01301268673064215,0.018426551050424796,0.10372294032765085,0.03841023091455796,0.16807046835143155,0.05489082472760991,Delphinus,12,PMC_12_A15,Delphinus
0.6325260575411499,0.022895333501345264,0.017548741525905687,0.06370342340329918,0.056744882357615274,0.15689970924644653,0.04968185242423796,Delphinus,13,PMC_12_A15,Delphinus
0.23666666396404928,0.12902157419983282,0.04248805305408685,0.0841516127401737,0.06182536137442287,0.18330499593984464,0.26254173872758985,T_truncatus,14,PMC_12_A15,Delphinus
0.4463023391935435,0.08236604006501962,0.0503456075281689,0.0573715416418491,0.1324001177256156,0.09653292203392295,0.13468143181188016,Delphinus,15,PMC_12_A15,Delphinus
0.4333420608132924,0.1743876071004851,0.05591605080220682,0.09399260528004418,0.08071921394984582,0.06158383543737179,0.10005862661675421,Delphinus,16,PMC_12_A33,Delphinus
0.347356411369745,0.09572230949245535,0.030398732797832805,0.13474258874672362,0.04081489467397519,0.14859380961928817,0.20237125329997993,Delphinus,17,PMC_12_A33,Delphinus
0.44989299184493686,0.0849950915401318,0.014711062974977611,0.07387750736593653,0.03736628448751955,0.1832106831060456,0.15594637868045239,Delphinus,18,PMC_12_A33,Delphinus
0.33868267244257655,0.12050322698880515,0.07145078996802372,0.06281406675009471,0.12595059355828295,0.17930421623146128,0.10129443406075561,Delphinus,19,PMC_12_A33,Delphinus
0.21025374579460837,0.13000968608445843,0.03966361612782309,0.21384341925112177,0.15093054804873948,0.07576820160261745,0.17953078309063167,S_clymene,20,PMC_12_A33,Delphinus
0.3267241565227754,0.12652357086554925,0.07543367691836135,0.04312946544375511,0.13260876549586653,0.18074796567352733,0.11483239908016515,Delphinus,21,PMC_12_A33,Delphinus
0.3526977444499863,0.11556588302759603,0.06562945294343143,0.06883508830238713,0.12230280459933644,0.1787291117849801,0.09623991489228262,Delphinus,22,PMC_12_A33,Delphinus
0.02955720977343511,0.15353277163807835,0.02196834305782769,0.034184119172549314,0.42770677196659396,0.1245877265878494,0.20846305780366628,S_frontalis,23,PMC_12_A33,Delphinus
0.11014036363400717,0.11765587717937132,0.05959818876832373,0.02062225015934004,0.47167845208327713,0.06318305790537544,0.15712181027030478,S_frontalis,24,PMC_12_A33,Delphinus
0.03295166010460128,0.2830083414951062,0.18429673308717426,0.039559969442322374,0.2281623408383319,0.05917292609351433,0.17284802893894968,S_attenuata,25,PMC_12_A33,Delphinus
0.021032440694566966,0.02538986080400455,0.590395543811534,0.040378425461707196,0.2556970736551515,0.01922727883441443,0.04787937673862141,S_bredanensis,26,PMC_12_A33,Delphinus
0.014325450746605857,0.011827894279729103,0.8097259462947878,0.019788462483508924,0.09809434121109034,0.004690634674694296,0.041547270309583405,S_bredanensis,27,PMC_12_A33,Delphinus
0.050131911326339325,0.06989976672174278,0.03482473925477244,0.007149242973610809,0.5987892484739911,0.05238968145447103,0.18681540979507272,S_frontalis,28,PMC_12_A33,Delphinus
0.17833905272666256,0.09586982035306675,0.10029125996574484,0.10021793436116753,0.1962384047357822,0.1247840221060943,0.20425950575148194,T_truncatus,29,PMC_12_A33,Delphinus
0.07390965898704485,0.070630249509939,0.04993485184609488,0.010668955275452849,0.5200662582425692,0.09736415175827844,0.17742587438062113,S_frontalis,30,PMC_12_A33,Delphinus
0.03665427494981162,0.04564541881268636,0.6539569857269675,0.02278695652173913,0.02385587547782086,0.015178647203912276,0.20192184130706234,S_bredanensis,31,PMC_12_A33,Delphinus
0.037450852072650746,0.010524495739387298,0.6710513129776439,0.02774237891196369,0.15935115440796163,0.029092075949621144,0.06478772994077157,S_bredanensis,32,PMC_12_A33,Delphinus
0.21390380740882062,0.13378734458585412,0.059514807836834674,0.12360131114484087,0.17996206102476808,0.1368126252444752,0.15241804275440643,Delphinus,33,PMC_12_A33,Delphinus
0.09180202368128486,0.24227114701553434,0.08481798811371954,0.060310262292860135,0.2877108218347586,0.09387884543982274,0.13920891162201982,S_frontalis,34,PMC_12_A33,Delphinus
0.12091639354784431,0.1278467687315496,0.06497854112711576,0.13863480135096148,0.1159249730198575,0.110954456966251,0.3207440652564206,T_truncatus,35,PMC_12_A33,Delphinus
0.10987854751211006,0.13673932652971085,0.05127079985685168,0.12542486200363948,0.14024123269888872,0.1161263294826621,0.32031890191613716,T_truncatus,36,PMC_12_A33,Delphinus
0.22506546436251995,0.10416991980419127,0.05599342397044782,0.15466557565175354,0.07933983997161495,0.09732255721812115,0.2834432190213517,T_truncatus,37,PMC_12_A33,Delphinus
0.23865959264573922,0.2322302447142569,0.022802602254827695,0.050079579281170246,0.13425852340024177,0.1525577324171722,0.16941172528659207,Delphinus,38,PMC_12_A33,Delphinus
0.20997063574382743,0.0383660843604278,0.04158296902061854,0.36220490745050027,0.0642235561256835,0.08748313422829739,0.19616871307064523,S_clymene,39,PMC_12_A33,Delphinus
0.1438549918159913,0.1429804842025063,0.030766308926210715,0.15675654229890074,0.08471263252376121,0.10912191435227692,0.3318071258803529,T_truncatus,40,PMC_12_A33,Delphinus
0.46039489339394474,0.060947038802279474,0.08280607580585451,0.04556016588794162,0.11946670183796045,0.16585680663723668,0.06496831763478285,Delphinus,41,PMC_12_A33,Delphinus
0.13660506160948094,0.09220355837551508,0.03161324706082039,0.12874993846195856,0.08305678476878832,0.423389473600443,0.10438193612299378,S_longirostris,42,PMC_12_A33,Delphinus
0.5466340481949901,0.0904998379053485,0.062304166297399995,0.04803052160788492,0.06397866650966043,0.12817561687724305,0.06037714260747307,Delphinus,43,PMC_12_A33,Delphinus
0.31959970276954947,0.1439108025828509,0.07131865548027028,0.04667838417282897,0.14266786524938976,0.1716765042595511,0.10414808548555965,Delphinus,44,PMC_12_A33,Delphinus
0.06981515024259591,0.06157298600619879,0.055089361172777754,0.01032019057817096,0.450424540858107,0.144853979663568,0.20792379147858175,S_frontalis,45,PMC_12_A33,Delphinus
0.05559332241879946,0.12368119469988087,0.023278956358451033,0.013515912683986199,0.5867904274855669,0.036060031426456016,0.16108015492685995,S_frontalis,46,PMC_12_A33,Delphinus
0.007821573464467702,0.0050034232399876494,0.8698674440911442,0.006597986293032733,0.05930492597339135,0.002690634674694295,0.04871401226328188,S_bredanensis,47,PMC_12_A33,Delphinus
0.11126945273706464,0.27665477983527875,0.009194376130495879,0.13500514220593957,0.1508249728207956,0.10633498004509488,0.21071629622533095,S_attenuata,48,PMC_12_A33,Delphinus
0.3089717895906177,0.10595659234144639,0.04674793628330425,0.13006074736002804,0.10125857111224862,0.11351936809151213,0.19348499522084284,Delphinus,49,PMC_12_A33,Delphinus
0.11069477393165277,0.12234371480377178,0.06304269548269834,0.12469668567353831,0.09382284603334269,0.13238999734387025,0.35300928673112586,T_truncatus,50,PMC_12_A33,Delphinus
0.0840592304797739,0.11416422947698673,0.17109720389304295,0.06756386942932412,0.38844651843400235,0.052099026126802554,0.1225699221600673,S_frontalis,51,PMC_12_A33,Delphinus
0.2103277305022558,0.12972758737128232,0.1707321478594341,0.13723465156357972,0.18701231441570035,0.03297280143509221,0.13199276685265593,Delphinus,52,PMC_12_A33,Delphinus
0.2983417178190409,0.17782936667073185,0.03319289170394067,0.0528601348367258,0.14081550944252194,0.16670145536089517,0.13025892416614385,Delphinus,53,PMC_12_A33,Delphinus
0.07133381398772796,0.15253521666401065,0.039146719921817744,0.01116445572264864,0.5651971570124574,0.04910429298031164,0.11151834371102586,S_frontalis,54,PMC_12_A33,Delphinus
0.06558415097829762,0.278708786996185,0.06886804296311332,0.04255852355828842,0.3939390653804521,0.05235338321573002,0.09798804690793368,S_frontalis,55,PMC_12_A33,Delphinus
0.01750450619506149,0.07447687989608609,0.03372502264075965,0.011263624716971243,0.5945373400523027,0.05701311512275296,0.21147951137606608,S_frontalis,3721,PMC_12_A33,Delphinus
0.11183700257200685,0.17419631725839713,0.09129976307217688,0.09040381692956352,0.21600010639833225,0.1383940190201932,0.17786897474933022,S_frontalis,3722,PMC_12_A33,Delphinus
0.039947676470532115,0.31312913374205065,0.06313122262901559,0.036901527654415615,0.3984863632163054,0.04546112361997786,0.10294295266770265,S_frontalis,3723,PMC_12_A33,Delphinus
0.24190001130720676,0.13123600952483602,0.051012404323718875,0.0366845573230895,0.17970674940115475,0.21354358655843855,0.14591668156155588,Delphinus,56,PMC_12_A46,Delphinus
0.5699823636603488,0.034100605041335365,0.028679724245474006,0.11432135834208368,0.03341207991435438,0.15975081126845253,0.05975305752795193,Delphinus,57,PMC_12_A47,Delphinus
0.5061690967482901,0.035959212798715744,0.0542372437555593,0.08955221818334917,0.07618524980439781,0.1382394680775032,0.09965751063218477,Delphinus,58,PMC_12_A47,Delphinus
0.2988863253812941,0.0846094466174552,0.06971853210891873,0.050629611111951925,0.13959746785114238,0.08383829654425112,0.27272032038498667,Delphinus,59,PMC_12_A47,Delphinus
0.19097681238131556,0.06967961952388793,0.06107512868334118,0.32003699401216246,0.07806927025871378,0.13142772742331116,0.14873444771726804,S_clymene,60,PMC_12_A47,Delphinus
0.5593980857104583,0.04087156301390306,0.02983232777167716,0.12610024768637496,0.03507439647693057,0.1400967876418226,0.06862659169883331,Delphinus,61,PMC_12_A47,Delphinus
0.48522291591593164,0.1198521395997819,0.08928075388773289,0.09334679738525815,0.03752192996393557,0.05647975385280342,0.11829570939455648,Delphinus,62,PMC_12_A47,Delphinus
0.44473503912413354,0.023460056646279093,0.021941807169635348,0.08340397685594621,0.07946809450826622,0.3104140814341827,0.03657694426155711,Delphinus,63,PMC_12_A47,Delphinus
0.514147495582844,0.027345123697432874,0.11326993061931095,0.02324748674893388,0.13296225279084553,0.09160079125719402,0.09742691930343875,Delphinus,64,PMC_12_A47,Delphinus
0.06982705119037175,0.3627110206625618,0.023282351996182022,0.021567370469268803,0.11740908090956262,0.14891796588339212,0.25628515888866105,S_attenuata,65,PMC_12_A47,Delphinus
0.29212105274078143,0.090965139595741,0.05272145569069178,0.19885842190300881,0.09699388610068196,0.1325954810199887,0.13574456294910675,Delphinus,66,PMC_12_A47,Delphinus
0.4787968250859389,0.026143276077779685,0.037012809696278605,0.06848933681832611,0.09076150737372134,0.1498430865944158,0.1489531583535396,Delphinus,67,PMC_12_A47,Delphinus
0.5776480807547185,0.0103365509001537,0.028628230403743623,0.08875492998260853,0.04719593024747563,0.18428198540552468,0.0631542923057754,Delphinus,68,PMC_12_A47,Delphinus
0.06869686866112525,0.1707577810927178,0.007566171816353132,0.04862241620103567,0.08739008855662496,0.41979453206864636,0.197172141603497,S_longirostris,69,PMC_12_A47,Delphinus
0.5023251995808506,0.05343926387248575,0.04355045221250552,0.017889052589318492,0.15485111477928268,0.17696565673978265,0.05097926022577434,Delphinus,70,PMC_12_A47,Delphinus
0.13494636761806283,0.1495717700090662,0.01796269739450704,0.18179312401244513,0.20101694870158077,0.0737830956538828,0.24092599661045558,T_truncatus,71,PMC_12_A47,Delphinus
0.2184284927885428,0.10691695901630566,0.08095795251918436,0.0911864994418063,0.23723429382296707,0.1058636584737196,0.1594121439374744,S_frontalis,72,PMC_12_A47,Delphinus
0.035279462206688955,0.7025210260886017,0.004346051050398876,0.1256154237584124,0.0169612137132316,0.061347679299388204,0.05392914388327796,S_attenuata,73,PMC_12_A47,Delphinus
0.1433252600864285,0.07839123724859022,0.09697742443602908,0.1128125016575932,0.3248014277153137,0.08207894407318152,0.16161320478286403,S_frontalis,74,PMC_12_A47,Delphinus
0.025318082126807414,0.13344601026220054,0.032863994447948734,0.07663706600983788,0.5722468458184867,0.019194871511131074,0.1402931298235877,S_frontalis,75,PMC_12_A47,Delphinus
0.3720827641567153,0.06503913071031266,0.028530671058040188,0.01839667214775706,0.16544827316185015,0.25113093613580517,0.09937155262951951,Delphinus,76,PMC_12_A47,Delphinus
0.23623528540153957,0.22583421322962088,0.014425791992793454,0.10250411501400758,0.039416651319548586,0.06167871593335597,0.31990522710913427,T_truncatus,77,PMC_12_A47,Delphinus
0.2905675840792335,0.0825881472797931,0.1495887165207082,0.14295139312415941,0.056397262193201535,0.17640036887295366,0.10150652792995102,Delphinus,78,PMC_12_A47,Delphinus
0.3329359176415349,0.14576229452654835,0.02324349908633626,0.058832687022689935,0.021857320113390217,0.13895529421599156,0.27841298739350884,Delphinus,79,PMC_12_A47,Delphinus
0.14494539653960878,0.10628411155834286,0.052116267228907484,0.07635139732524714,0.26994558601999646,0.12663201891760992,0.2237252224102876,S_frontalis,80,PMC_12_A47,Delphinus
0.16651784574438952,0.18824739112594308,0.12170549776998754,0.043355925450811905,0.2642801130735164,0.11161032937434942,0.10428289746100279,S_frontalis,81,PMC_12_A47,Delphinus
0.38687903613857455,0.1147628130757399,0.03765269360083716,0.019380731412384708,0.12106756461185665,0.22930455733524663,0.09095260382536059,Delphinus,82,PMC_12_A47,Delphinus
0.19782586037468877,0.06431483091146378,0.15130647242007084,0.06126542713033242,0.12034463997764058,0.24112790563838954,0.16381486354741406,S_longirostris,83,PMC_12_A47,Delphinus
0.3339805354143266,0.07058789875744208,0.06443829253957765,0.10335700001316613,0.12639707256625593,0.21655702078532796,0.08468217992390424,Delphinus,84,PMC_12_A47,Delphinus
0.15188269789486114,0.08618410048542861,0.018830395403176457,0.011707348882191377,0.08906574119669267,0.29135481618430886,0.3509748999533409,T_truncatus,85,PMC_12_A47,Delphinus
0.1369513194470539,0.1429605921574382,0.018962803086060943,0.2572882821194681,0.06829113347310216,0.16834450875118745,0.20720136096568972,S_clymene,86,PMC_12_A47,Delphinus
0.19372614331243507,0.1923228089965806,0.19036243859084337,0.09749672118560064,0.12675514333716068,0.07127139661611502,0.128065347961265,Delphinus,87,PMC_12_A47,Delphinus
0.3748847509552286,0.03041626800324954,0.1550224846385105,0.07950270598158525,0.1431076468669386,0.08410392421415444,0.13296221934033345,Delphinus,88,PMC_12_A47,Delphinus
0.501235428929351,0.06847413759398631,0.042451480291477606,0.03701375841019825,0.15316295225953402,0.1347137636918579,0.0629484788235951,Delphinus,89,PMC_12_A47,Delphinus
0.6979546704721941,0.02410743650288469,0.020256397206467536,0.07248076434509665,0.04978760524559243,0.08171006177703355,0.053703064450730933,Delphinus,90,PMC_12_A47,Delphinus
0.3509173404367059,0.10049611504493927,0.06078417281104543,0.04821828466474539,0.25940649284315936,0.07307091804489829,0.10710667615450677,Delphinus,91,PMC_12_A47,Delphinus
0.04205981678405285,0.18997094448223603,0.03015399864394558,0.03906273069344702,0.14759667860924197,0.38082268354643567,0.17033314724064103,S_longirostris,92,PMC_12_A47,Delphinus
0.3901707093099716,0.02845547892208194,0.05666876978287014,0.12046648399564057,0.07978306231048606,0.21545552182572095,0.1089999738532291,Delphinus,93,PMC_12_A47,Delphinus
0.3730674626284716,0.07487486722271322,0.08626378260825059,0.1337692724691833,0.10908297209432287,0.13763364281927337,0.08530800015778535,Delphinus,94,PMC_12_A47,Delphinus
0.05412391741710053,0.36701851218448894,0.011849370459775877,0.1269314129177795,0.052373333930101115,0.13008803302705405,0.25761542006369986,S_attenuata,95,PMC_12_A47,Delphinus
0.13051983521579102,0.06391623192665254,0.021268070458116083,0.43845794849204667,0.1472465596407456,0.04393829073037933,0.15465306353626876,S_clymene,96,PMC_12_A47,Delphinus
0.31561886337770334,0.0641822636608035,0.07773756338308498,0.019263885547931348,0.2280434551918433,0.20175233373205909,0.09340163510657466,Delphinus,3724,PMC_12_A47,Delphinus
0.208359794855733,0.11589864832548315,0.03294901904521437,0.1926896636527637,0.18694996103584646,0.05997986228130399,0.20317305080365583,Delphinus,3725,PMC_12_A47,Delphinus
0.4547232724910015,0.13507029145641739,0.014054376637090932,0.06663837511911741,0.018036685344191943,0.16430593770946592,0.14717106124271512,Delphinus,3726,PMC_12_A47,Delphinus
0.3648923739156922,0.04655244710180872,0.12928689579922223,0.022020657742745257,0.18217403708866614,0.14613348017733663,0.10894010817452904,Delphinus,3727,PMC_12_A47,Delphinus
0.3753936579388386,0.05880539174835418,0.025281340013425087,0.054078842142006756,0.09017205321728645,0.3389645928603522,0.05730412207973683,Delphinus,3728,PMC_12_A47,Delphinus
0.3034972235311032,0.06888059867073733,0.023764976784845387,0.12492383047009188,0.08054930619679057,0.21972970943010922,0.17865435491632278,Delphinus,3729,PMC_12_A47,Delphinus
0.168684575827912,0.08254989301620924,0.035788746874562516,0.18086039180596927,0.0854239012277233,0.26664120569345384,0.18005128555417,S_longirostris,3730,PMC_12_A47,Delphinus
0.2185066257771091,0.17855732166090937,0.031192768786057996,0.09645985870777146,0.12513795461746516,0.08829412139896609,0.2618513490517212,T_truncatus,3731,PMC_12_A47,Delphinus
0.1376936636757508,0.23372882595946756,0.035726278726549876,0.056278268648733865,0.1033253032441773,0.3236035105469377,0.10964414919838296,S_longirostris,3732,PMC_12_A47,Delphinus
0.15256580916725831,0.27288328973880266,0.03417861965424442,0.03950313824320962,0.06366731316478316,0.3377135177539183,0.09948831227778346,S_longirostris,3733,PMC_12_A47,Delphinus
0.10602911109119764,0.1440756567399752,0.018213166289210225,0.12187625781092495,0.010772104881229138,0.3912910205019978,0.2077426826854651,S_longirostris,97,PMC_12_A62,Delphinus
0.27084676289102894,0.06355860201529495,0.02537352538533,0.08463585974722782,0.038960517806003445,0.3705504704295679,0.1460742617255472,S_longirostris,98,PMC_12_A62,Delphinus
0.3084235338528113,0.15917996542664373,0.033614890007523476,0.05728517743993023,0.1031588468205348,0.2648610969985982,0.0734764894539584,Delphinus,99,PMC_12_A62,Delphinus
0.030499808654363303,0.06387413338722472,0.003274192361746612,0.6819266645119775,0.12017591094990489,0.05303775120296313,0.04721153893181988,S_clymene,100,PMC_12_A62,Delphinus
0.09910171622898402,0.03035521287657579,0.32490316601660907,0.020795093058050284,0.08383236801944365,0.08320065847884993,0.35781178532148733,T_truncatus,101,PMC_12_A62,Delphinus
0.33666618235469614,0.0318557192163465,0.12465738870953694,0.06795367864464065,0.10569695261692309,0.15159131252161323,0.18157876593624372,Delphinus,102,PMC_12_A62,Delphinus
0.1263983861247736,0.025472539035939223,0.3157099776295292,0.031132522348203837,0.06838361461214924,0.10648302491312905,0.3264199353362758,T_truncatus,103,PMC_12_A62,Delphinus
0.0846072074065867,0.08836821902290727,0.016165844235986427,0.40642579692076575,0.03036918323945631,0.14828188209064636,0.22578186708365136,S_clymene,104,PMC_12_A62,Delphinus
0.16831232515430114,0.06395888111729285,0.009761530697883781,0.10375170131714284,0.05435955807053301,0.46271791783835753,0.1371380858044889,S_longirostris,105,PMC_12_A62,Delphinus
0.5296760761091731,0.11855360665424942,0.022482558443638567,0.0834857655681219,0.01867288089262608,0.10016787273526558,0.1269612395969257,Delphinus,106,PMC_12_A62,Delphinus
0.3063540577648143,0.07746177501715042,0.19133154504630961,0.10275233261532699,0.14264421150033574,0.05975356954642972,0.1197025085096336,Delphinus,107,PMC_12_A62,Delphinus
0.35772505638347196,0.04738734682722986,0.04858657347986386,0.026676576712225435,0.3672439365642695,0.08639943314571713,0.06598107688722218,S_frontalis,108,PMC_12_A62,Delphinus
0.08300246773580917,0.41386632456565303,0.00622433756719471,0.0534769081464446,0.2881846982279352,0.04340795456608771,0.11183730919087548,S_attenuata,109,PMC_12_A62,Delphinus
0.3436688926759676,0.04858263061424066,0.12145917930779479,0.05591216916828049,0.08394752005399489,0.25360272918723387,0.09282687899248798,Delphinus,110,PMC_12_A62,Delphinus
0.32208437878344554,0.07139914825961385,0.1186509533118645,0.05216897449255599,0.1284505556688697,0.21654206558513464,0.09070392389851586,Delphinus,111,PMC_12_A62,Delphinus
0.3317621475761793,0.11506428037376597,0.05799434922407724,0.244200227610859,0.025111637608252652,0.12299188161636723,0.10287547599049883,Delphinus,112,PMC_3_A68,Delphinus
0.1903106106638136,0.23431857033824965,0.018145685415438997,0.12785289665183755,0.025599797994423856,0.20178450717357452,0.20198793176266172,S_attenuata,113,PMC_3_A68,Delphinus
0.3479168901803944,0.1415662701501178,0.03997458385305722,0.15234547395701653,0.02620928705580737,0.16913847156884546,0.12284902323476159,Delphinus,114,PMC_3_A68,Delphinus
0.3967254651274103,0.07741602538236245,0.04738371864242049,0.014858818161492553,0.27151507277566617,0.1035172283459745,0.08858367156467327,Delphinus,115,PMC_3_A68,Delphinus
0.021823287586335584,0.23218338738155397,0.015821502274967193,0.017221449256893177,0.19709142767349974,0.24767601285550828,0.2681829329712424,T_truncatus,116,PMC_3_A68,Delphinus
0.4557251462780704,0.06386675845909269,0.044209497720290813,0.13317221527096074,0.042635510207705646,0.1268914138884041,0.1334994581754758,Delphinus,117,PMC_6_A51,Delphinus
0.5720825070317065,0.05871044969737847,0.07418033467286274,0.0621883493757821,0.08990701107975846,0.0507883101512635,0.09214303799124815,Delphinus,118,PMC_6_A51,Delphinus
0.2171919892542045,0.05851696372220307,0.0639595406101667,0.2819589149873694,0.06021716142750733,0.07180192006298156,0.24635350993556726,S_clymene,119,PMC_6_A51,Delphinus
0.21590578810067657,0.13741515184864084,0.024268581599251552,0.02467279415048983,0.08519284679715441,0.40852883984998073,0.10401599765380613,S_longirostris,120,PMC_6_A51,Delphinus
0.37051367783749556,0.0834538743199344,0.07195369786438122,0.043788956370289824,0.19902411210336954,0.1335024206951556,0.09776326080937386,Delphinus,121,PMC_6_A51,Delphinus
0.40167082350177596,0.03550044416921903,0.02827240905454008,0.10508283542719793,0.04324752876107549,0.19449012801610263,0.19173583107008876,Delphinus,122,PMC_6_A51,Delphinus
0.4337044760151679,0.03569297327933293,0.14908847125831592,0.08383255610346088,0.013506374898584899,0.09681011103550063,0.18736503740963706,Delphinus,123,PMC_6_A51,Delphinus
0.6314496046234217,0.0467828895935728,0.020513510947297742,0.06278493109395458,0.0527134079222336,0.09762392855976003,0.08813172725975928,Delphinus,124,PMC_6_A51,Delphinus
0.120212204402513,0.12105209741799157,0.09429121868465593,0.13859683880904472,0.31073479839421336,0.057773227644259954,0.1573396146473216,S_frontalis,125,PMC_6_A51,Delphinus
0.211738212459877,0.02778265392859159,0.013969159231028302,0.04304061124659608,0.08717116385911486,0.5363707477485338,0.07992745152625834,S_longirostris,126,PMC_6_A51,Delphinus
0.09611934205879896,0.099892110031898,0.004479563556232561,0.007394449063171369,0.08948893338860553,0.5823187508803115,0.12030685102098203,S_longirostris,127,PMC_6_A51,Delphinus
0.45735264349976,0.1338400433621332,0.03774702863405372,0.11435561440859464,0.0838301894021925,0.05142864326341038,0.12144583742985568,Delphinus,128,PMC_6_A51,Delphinus
0.33681636067158033,0.05108653753922961,0.05443999666597885,0.08809203963103261,0.056771242036440614,0.24900414319408481,0.16378968026165316,Delphinus,129,PMC_6_A51,Delphinus
0.22937267985589163,0.06388939410774548,0.018160232281813224,0.07983486804341368,0.02137194341416191,0.4845138254730889,0.10285705682388512,S_longirostris,130,PMC_6_A51,Delphinus
0.3868383201836405,0.06517660548281157,0.04352228595228616,0.1084794135505454,0.0712256918179962,0.17447162100401228,0.1502860620087077,Delphinus,131,PMC_6_A51,Delphinus
0.3585111193241604,0.08437635860489505,0.013820072789301217,0.05361282291444484,0.03779609796483397,0.30882598118389315,0.14305754721847125,Delphinus,132,PMC_6_A51,Delphinus
0.5230340713244722,0.0351107563986053,0.026666314804818913,0.11131190730374002,0.04014178324366801,0.1876064605381291,0.07612870638656646,Delphinus,133,PMC_6_A51,Delphinus
0.2910947130007703,0.09442100400032515,0.08410254835689616,0.12951984048024306,0.23475443024383363,0.06115928806841064,0.10494817584952126,Delphinus,134,PMC_6_A51,Delphinus
0.2748479812755559,0.060637992608906496,0.040292631742841395,0.2426769638248602,0.09853449484150258,0.1592657305972728,0.12374420510906102,Delphinus,135,PMC_6_A51,Delphinus
0.18451937970235208,0.19404512872908564,0.03223518414800026,0.10589436061994696,0.24919181557059228,0.11839871675732452,0.11571541447269855,S_frontalis,136,PMC_6_A51,Delphinus
0.19498898869284406,0.15491784653672394,0.0488004711453861,0.02470413814280698,0.18236826699366954,0.25180594865196537,0.14241433983660437,S_longirostris,137,PMC_6_A51,Delphinus
0.43449457755828047,0.11961794407577007,0.040177193171600886,0.015147728582438316,0.19552315263510878,0.12668879857299198,0.06835060540380951,Delphinus,138,PMC_6_A51,Delphinus
0.39356887788179934,0.03578189606717679,0.025213204229972527,0.04373152537053092,0.12322122695116605,0.3011374168883784,0.07734585261097625,Delphinus,139,PMC_6_A51,Delphinus
0.3748789726968536,0.08066370359481824,0.06578375553409459,0.10780386909772673,0.10366611586186442,0.09469087511479701,0.17251270809984537,Delphinus,140,PMC_6_A51,Delphinus
0.3697165954794715,0.06216439007627256,0.029208329186423413,0.20586403692373026,0.08359203324118859,0.10862742069054435,0.1408271944023695,Delphinus,141,PMC_6_A51,Delphinus
0.42467670316698036,0.06002397734305773,0.029823239003571426,0.028691403099293803,0.16863045930151296,0.23159146226138747,0.05656275582419613,Delphinus,142,PMC_6_A51,Delphinus
0.2558703319562147,0.05980829596009161,0.02514990438225546,0.08385377361623252,0.03371452172031201,0.44731191441811174,0.0942912579467819,S_longirostris,143,PMC_6_A51,Delphinus
0.2814094743812493,0.09050577032630865,0.03553978102407316,0.18996825168219209,0.0831970202847382,0.15320438978962259,0.16617531251181622,Delphinus,144,PMC_6_A51,Delphinus
0.641375257915005,0.02265314272142771,0.057663844860041946,0.04462760206083869,0.02600231227397804,0.07917491938758468,0.1285029207811236,Delphinus,145,PMC_6_A51,Delphinus
0.2327344237838836,0.09504700003526519,0.025842319658567547,0.06394595885218902,0.16862399930197808,0.23684391582925965,0.17696238253885724,S_longirostris,146,PMC_6_A51,Delphinus
0.1956500785619339,0.09044156074751594,0.024122445147380114,0.07045323058408441,0.019109045705546848,0.3140962093384046,0.28612742991513407,S_longirostris,147,PMC_6_A51,Delphinus
0.17672878351085666,0.18270404518821848,0.007305988697145899,0.11614767363146028,0.011884891442291734,0.30447672156899297,0.20075189596103432,S_longirostris,148,PMC_6_A51,Delphinus
0.21147244106899668,0.1849564596108199,0.036673851267076035,0.11080622662066432,0.06578151020787734,0.18059938171994772,0.2097101295046183,Delphinus,149,PMC_6_A51,Delphinus
0.13791549163008043,0.029510349413504375,0.0025912438457599747,0.011237757363316598,0.04330304711244186,0.6960369740592223,0.07940513657567456,S_longirostris,150,PMC_6_A51,Delphinus
0.19129705922479834,0.0322652979052858,0.014314080364080363,0.03928121103611428,0.05908326660702405,0.593400436210174,0.070358648652523,S_longirostris,151,PMC_6_A51,Delphinus
0.055645212016170856,0.092067259096255,0.006481497254952335,0.47956268858267,0.16833608806284975,0.09315508340624692,0.10475217158085524,S_clymene,152,PMC_6_A51,Delphinus
0.4244133279571727,0.11720830915513336,0.0805138608640573,0.095239677427324,0.12027652447900894,0.06643887855088738,0.0959094215664165,Delphinus,153,PMC_6_A51,Delphinus
0.419180685511025,0.05720912807635932,0.11385681041643972,0.06368678785333597,0.12940756945310422,0.10910082767642076,0.10755819101331494,Delphinus,154,PMC_6_A51,Delphinus
0.17546925471694244,0.25773598877979886,0.010065944391396776,0.07777621808605596,0.0419720777221089,0.2606886302876528,0.17629188601604437,S_longirostris,155,PMC_6_A51,Delphinus
0.5868386778025496,0.024685630567360187,0.04383796997809915,0.03536160513016493,0.035837974432161135,0.11820397943719428,0.15523416265247067,Delphinus,156,PMC_6_A51,Delphinus
0.44520237306969535,0.09160091547577334,0.0260698292390473,0.11154995649150337,0.05779495315459513,0.09674969049251937,0.17103228207686613,Delphinus,3734,PMC_6_A51,Delphinus
0.20454118380923628,0.036300136306653165,0.010437828121176367,0.02845148754925114,0.06412056596373764,0.5790188466245938,0.07712995162535134,S_longirostris,3735,PMC_6_A51,Delphinus
0.4301250571067395,0.09474216973305871,0.027828417371432546,0.1013928645733205,0.10478827685367836,0.09006252392856309,0.15106069043320725,Delphinus,3736,PMC_6_A51,Delphinus
0.12590898976055256,0.11135400092543199,0.016433911171865347,0.0953753645746123,0.07457873453492686,0.42112687467090487,0.15522212436170618,S_longirostris,3737,PMC_6_A51,Delphinus
0.18061938870305894,0.08852108690777034,0.010411545131138681,0.3073235902336222,0.16181385338584012,0.11639296562469864,0.1349175700138712,S_clymene,3738,PMC_6_A51,Delphinus
0.21974596723168954,0.14360287156634505,0.04541004422743896,0.02136276398870733,0.2596700417222721,0.17904260962475987,0.13116570163878777,S_frontalis,3739,PMC_6_A51,Delphinus
0.5687485002343939,0.03187916543471512,0.06287819635402718,0.0638170745858276,0.021323222865727905,0.0835493789063559,0.16780446161895196,Delphinus,3740,PMC_6_A51,Delphinus
0.41290641367039843,0.04402922306243521,0.04481960632073956,0.01528778543665566,0.16104649715740055,0.24745187331543408,0.0744586010369365,Delphinus,3741,PMC_6_A51,Delphinus
0.39936428598863183,0.07883629616712401,0.01740237335894756,0.16325892326062816,0.14066080159962346,0.05989819220576253,0.1405791274192824,Delphinus,3742,PMC_6_A51,Delphinus
0.14006965495095658,0.05716289111359454,0.012523079605297836,0.020431258300098034,0.04230049526548208,0.617953870780346,0.10955874998422492,S_longirostris,3743,PMC_6_A51,Delphinus
0.31057133383856006,0.07258853332565236,0.05184788805192377,0.20791574188853143,0.21280376353365818,0.05328157863355552,0.09099116072811896,Delphinus,157,PMC_9_A102,Delphinus
0.48840040331977125,0.10984738110257111,0.02434226903464154,0.05158384962888075,0.022115882692620152,0.20214502077664961,0.10156519344486573,Delphinus,158,PMC_9_A102,Delphinus
0.396419592606019,0.06543312038496424,0.062037837952674056,0.0743454036483733,0.09077870138595232,0.20441143660888583,0.10657390741313165,Delphinus,159,PMC_9_A102,Delphinus
0.1279202393576888,0.24215872496298213,0.0081270315166924,0.15873271786450355,0.04803466235777748,0.13938270728203586,0.2756439166583202,T_truncatus,160,PMC_9_A102,Delphinus
0.28811322361949177,0.11902964592606514,0.011864820678860966,0.09940492970379332,0.04665594069741189,0.1738427254179773,0.2610887139563999,Delphinus,161,PMC_9_A102,Delphinus
0.04693723984920981,0.16608512207219167,0.00614620943118741,0.43590235264290994,0.04118712988242478,0.156453264018731,0.14728868210334553,S_clymene,162,PMC_9_A102,Delphinus
0.3474541490773044,0.09503131289453129,0.039990469411804286,0.022575110494236626,0.2551138340410829,0.13477293630758372,0.105062187773457,Delphinus,163,PMC_9_A102,Delphinus
0.23840178205794627,0.09649603046202382,0.0230685492501094,0.3373078473021665,0.11410698048503949,0.04282877282734169,0.14779003761537296,S_clymene,164,PMC_9_A102,Delphinus
0.10421626455718896,0.18516334163678683,0.015588014294940621,0.18778538467979622,0.1301884388041558,0.16596447941803324,0.2110940766090986,T_truncatus,165,PMC_9_A102,Delphinus
0.4882969640949322,0.07896876910203972,0.03550521691442608,0.0258451342315243,0.12374592632644853,0.15571034134140763,0.09192764798922215,Delphinus,166,PMC_9_A102,Delphinus
0.2772707650885169,0.05622946465749003,0.05969220527152335,0.08742423591045476,0.19089446543059818,0.23253900202734692,0.09594986161406978,Delphinus,167,PMC_9_A102,Delphinus
0.5496673397991212,0.048589327695817565,0.06279418430125275,0.056507236507741025,0.0973134155173075,0.13738620578343955,0.04774229039532046,Delphinus,168,PMC_9_A102,Delphinus
0.41852363267625653,0.041051685334493764,0.17432715792920997,0.08431231298210098,0.029815740376870667,0.07565365417305278,0.17631581652801523,Delphinus,169,PMC_9_A102,Delphinus
0.5819317403923431,0.04897097571465712,0.06656405459829759,0.08133212919308218,0.035064790351242534,0.12029843205311082,0.06583787769726704,Delphinus,170,PMC_9_A102,Delphinus
0.3452193474654341,0.20414670802361107,0.01981404272345394,0.05545549157605657,0.02700798687624196,0.19213594511316368,0.15622047822203897,Delphinus,171,PMC_9_A102,Delphinus
0.4522122964502141,0.06044262706286143,0.05946986167283065,0.11649381992098981,0.05541920842525153,0.11426324727171061,0.14169893919614188,Delphinus,172,PMC_9_A102,Delphinus
0.04238757916583476,0.26032442702133585,0.008735502080675965,0.22967769051916764,0.012319537395440087,0.1635309659788896,0.2830242978386564,T_truncatus,173,PMC_9_A102,Delphinus
0.47395188953952,0.10020915672092032,0.06472676580206135,0.08124939028679165,0.10401821514667739,0.08456185004845852,0.09128273245557109,Delphinus,174,PMC_9_A102,Delphinus
0.39297108293918415,0.10471952272547361,0.03629915662367061,0.13386758483538447,0.08115546877789796,0.09205834612111025,0.1589288379772795,Delphinus,175,PMC_9_A102,Delphinus
0.1275314095595008,0.20539588980480514,0.029239638550533475,0.20821980981356694,0.19698529333434486,0.05421776288119052,0.1784101960560582,S_clymene,176,PMC_9_A102,Delphinus
0.13148433240003876,0.14827655242110466,0.009598851078134185,0.35454549354436626,0.13114673624285306,0.10929529370966853,0.11565274060383461,S_clymene,177,PMC_9_A102,Delphinus
0.21324530644771258,0.1113472247070334,0.18621460321204883,0.05437476422254905,0.19664306209248159,0.11664043367675853,0.12153460564141637,Delphinus,178,PMC_9_A102,Delphinus
0.20921947138475375,0.10172536018615262,0.0574255081080919,0.29452066442079183,0.10493532779061171,0.10292175218813239,0.12925191592146631,S_clymene,179,PMC_9_A102,Delphinus
0.22491339419158757,0.06664197130992619,0.044639841170367796,0.23180913158417035,0.22224430776493442,0.06205286668607897,0.1476984872929351,S_clymene,180,PMC_9_A102,Delphinus
0.11253454648334275,0.13560257039820517,0.014953947491700504,0.02921206082260915,0.1634111935354166,0.3702013255753261,0.1740843556933998,S_longirostris,181,PMC_9_A102,Delphinus
0.1269876373207446,0.14392970180524498,0.025440964556326287,0.36021887727666085,0.10781328134976668,0.03400372260906254,0.2016058150821943,S_clymene,182,PMC_9_A102,Delphinus
0.39029590887058935,0.061057206744708194,0.025460724978280763,0.050112760702286645,0.12875319659208556,0.26241110358584835,0.08190909852620144,Delphinus,183,PMC_9_A102,Delphinus
0.12032553442169762,0.19221326020861462,0.01976459205115219,0.1327451836058664,0.08570428998655151,0.20772365232018206,0.2415234874059358,T_truncatus,184,PMC_9_A102,Delphinus
0.05188449821678869,0.46270220068640644,0.014223826177116473,0.09657377103941855,0.1434966727592423,0.08548317390690395,0.14563585721412364,S_attenuata,185,PMC_9_A102,Delphinus
0.49601951606990674,0.04656039612104929,0.014708488472422003,0.1263130808819286,0.057173933369356424,0.14490856573702113,0.11431601934831619,Delphinus,186,PMC_9_A102,Delphinus
0.34966062768449024,0.05577619564435867,0.03260416219158956,0.10712284842356473,0.053556579849041275,0.2622256394451995,0.13905394676175628,Delphinus,187,PMC_9_A102,Delphinus
0.013480187154975927,0.07552725905751134,0.00022488749598199937,0.021095923941258882,0.04141589931510878,0.7267183251930004,0.12153751784216252,S_longirostris,188,PMC_9_A102,Delphinus
0.4532963528420176,0.06734435355118837,0.08553988133405349,0.12434468986377886,0.07015483680805282,0.13331741963488838,0.06600246596602104,Delphinus,189,PMC_9_A102,Delphinus
0.5283659204084045,0.04105907120495562,0.029481765086895862,0.11643799379351168,0.0611385460094123,0.15208931273819348,0.07142739075862709,Delphinus,190,PMC_9_A102,Delphinus
0.23558695475729594,0.07652031315380387,0.02789272893104819,0.17860341027864457,0.051144274693610846,0.19830450917278764,0.23194780901280912,Delphinus,191,PMC_9_A102,Delphinus
0.31958375145522155,0.03529874843158605,0.31223017373067363,0.06804048579257391,0.04501623500292145,0.050044390554034576,0.16978621503298874,Delphinus,192,PMC_9_A102,Delphinus
0.37149709695476246,0.0485886957683352,0.023336971772419106,0.2581449861061369,0.06909808314438008,0.11125262162623341,0.11808154462773329,Delphinus,193,PMC_9_A102,Delphinus
0.5384185894483361,0.06204339640627037,0.067023092571334,0.029603209552184585,0.14076878410348917,0.10149917794500507,0.060643749973380776,Delphinus,194,PMC_9_A102,Delphinus
0.4861449939807869,0.08962443010122459,0.05495509853957373,0.08562816137636002,0.04142311789124389,0.14605056706980704,0.09617363104100411,Delphinus,195,PMC_9_A102,Delphinus
0.3120802392359009,0.04213859217295167,0.04068523083779268,0.14915557457798329,0.05962074128586554,0.1392265632909129,0.25709305859859305,Delphinus,196,PMC_9_A102,Delphinus
0.302880819178272,0.246542639965504,0.015210709844475671,0.05895474016083674,0.03386235513744861,0.1627040581215449,0.17984467759191844,Delphinus,3744,PMC_9_A102,Delphinus
0.6835620406804196,0.060161870693133536,0.027245369401280493,0.06233457802486039,0.03889649038512725,0.0739212852362523,0.05387836557892679,Delphinus,3745,PMC_9_A102,Delphinus
0.23502279899140094,0.09598705699370902,0.16575678706314956,0.08480939731170146,0.21766374593889495,0.04355824219869879,0.15720197150244575,Delphinus,3746,PMC_9_A102,Delphinus
0.45695813050365,0.03754365137811289,0.14021846420161813,0.0939777052255994,0.0560244966211475,0.07265914027837393,0.14261841179149826,Delphinus,3747,PMC_9_A102,Delphinus
0.22193808984505314,0.12236654695917196,0.0627523877440165,0.01914839111326613,0.34174078858038753,0.10411730991594012,0.1279364858421651,S_frontalis,3748,PMC_9_A102,Delphinus
0.18736155015075587,0.1190694197772215,0.014980637667176371,0.050318216570913454,0.028810482744238714,0.12040577657364396,0.4790539165160503,T_truncatus,3749,PMC_9_A102,Delphinus
0.03941001267955249,0.42901397672713915,0.032469629709669226,0.16275779765373732,0.079766397340924,0.1373776894769418,0.11920449641203625,S_attenuata,3750,PMC_9_A102,Delphinus
