Delphinus_LOGO_IND,S_attenuata_LOGO_IND,S_bredanensis_LOGO_IND,S_clymene_LOGO_IND,S_frontalis_LOGO_IND,S_longirostris_LOGO_IND,T_truncatus_LOGO_IND,Species_Classification,UID,EncounterNumber,KnownSpecies
0.2625457402269169,0.058206892911194456,0.05279651440873492,0.36153491500896895,0.10338279702521767,0.0358946774851962,0.125638462933771,S_clymene,0,PMC_12_A15,Delphinus
0.18516782640944804,0.06993474466011204,0.0650384827347471,0.3332108622224815,0.17965292131359387,0.07148689922475426,0.09550826343486367,S_clymene,1,PMC_12_A15,Delphinus
0.11377573398951232,0.10876533790051815,0.030164692489815525,0.3918878395005613,0.18740557036505814,0.06982107734491017,0.09817974840962479,S_clymene,2,PMC_12_A15,Delphinus
0.5658488794249477,0.09236728340655304,0.017425703750755965,0.048781610966481315,0.05547906215830071,0.04917236215803577,0.1709250981349256,Delphinus,3,PMC_12_A15,Delphinus
0.17037770815497247,0.17946552212704875,0.017593910612591676,0.07606545358000057,0.07118114675226411,0.10261863937339324,0.3826976193997293,T_truncatus,4,PMC_12_A15,Delphinus
0.7938355548897379,0.020865127206130752,0.011682188918468329,0.022245940144528676,0.06044586813843409,0.04655593683326317,0.044369383869436695,Delphinus,5,PMC_12_A15,Delphinus
0.20341599875184257,0.0750419039505386,0.05345702131036761,0.34895125859277576,0.14988625819743417,0.05185213478326862,0.11739542441377288,S_clymene,6,PMC_12_A15,Delphinus
0.32191635845741734,0.18702402159138223,0.030555121005563908,0.09921560609585817,0.07958161219119415,0.058263131711814645,0.22344414894676978,Delphinus,7,PMC_12_A15,Delphinus
0.5342156092577233,0.1340727126192167,0.01403300640659238,0.0462684018747147,0.03350450203284342,0.061318087111430386,0.17658768069747902,Delphinus,8,PMC_12_A15,Delphinus
0.08621979147263303,0.20184668248260657,0.024319934475605008,0.11950593418241479,0.09105334082293838,0.05684993026080007,0.42020438630300255,T_truncatus,9,PMC_12_A15,Delphinus
0.17095789384173168,0.2201146846037654,0.019827449118105092,0.05816983610989585,0.05387124712778943,0.06493395552606754,0.412124933672645,T_truncatus,10,PMC_12_A15,Delphinus
0.6093936739266246,0.05917457794045142,0.014841705692980723,0.06605000711741765,0.06129405597292331,0.15429637747356942,0.03494960187603269,Delphinus,11,PMC_12_A15,Delphinus
0.6837204983178343,0.016908828707849672,0.009049670173806187,0.10560556651622009,0.0583356713956617,0.10152807632076209,0.024851688567866088,Delphinus,12,PMC_12_A15,Delphinus
0.7152390055607507,0.019248827752820677,0.00964586115402757,0.027330347611373856,0.03612653668946572,0.15492165978311548,0.03748776144844576,Delphinus,13,PMC_12_A15,Delphinus
0.07133086734548505,0.12868413659530226,0.020354620215088225,0.08387353422268266,0.08428359268579659,0.03641206334172995,0.575061185593915,T_truncatus,14,PMC_12_A15,Delphinus
0.47260835082043784,0.12270809298791671,0.054016856376804256,0.03173459573500611,0.2121811255652723,0.061643945097313094,0.04510703341725005,Delphinus,15,PMC_12_A15,Delphinus
0.48672781093549783,0.17046403437358346,0.0702013222482765,0.04954079931883908,0.04529090258120033,0.05357427481125883,0.12420085573134396,Delphinus,16,PMC_12_A33,Delphinus
0.2932254220223577,0.09081463487551948,0.021376222720749252,0.15660409924600507,0.06911550848428628,0.21281472411956112,0.15604938853152134,Delphinus,17,PMC_12_A33,Delphinus
0.42253211799021817,0.07559119635223466,0.010028136861281711,0.05809611818630703,0.03997134627324429,0.24658248472615882,0.14719859961055556,Delphinus,18,PMC_12_A33,Delphinus
0.30078596743473374,0.19379439222845216,0.09749032254763043,0.028566521782926374,0.13727866915983206,0.14491782636284353,0.09716630048358199,Delphinus,19,PMC_12_A33,Delphinus
0.3849081021918629,0.1279145873805132,0.03681493100467667,0.09409291461924912,0.1497292997414595,0.05249093909387005,0.15404922596836831,Delphinus,20,PMC_12_A33,Delphinus
0.3144902429678111,0.13729809764979214,0.09862926959681319,0.03256735407626038,0.19286772999336216,0.12215622693220657,0.10199107878375462,Delphinus,21,PMC_12_A33,Delphinus
0.35562148868084187,0.13751615061205635,0.10744764222114059,0.03635853056955752,0.14381848609134115,0.12230712584836428,0.09693057597669892,Delphinus,22,PMC_12_A33,Delphinus
0.026656103903682022,0.27891196050547823,0.023854875730409078,0.02774480441211495,0.30588289298071064,0.14189421798138369,0.19505514448622152,S_frontalis,23,PMC_12_A33,Delphinus
0.14004244918180941,0.2284432535484425,0.0976811642892344,0.012948590007342345,0.33695204601436646,0.08701769064779531,0.09691480631100964,S_frontalis,24,PMC_12_A33,Delphinus
0.02325731740815225,0.17599938453333472,0.39104618677073216,0.03313160739687055,0.0779108067259866,0.02232339961069544,0.2763312975542282,S_bredanensis,25,PMC_12_A33,Delphinus
0.00527125,0.02255266554252592,0.82330228531757,0.009055625,0.02195253289473684,0.005194268427686925,0.11267137281748063,S_bredanensis,26,PMC_12_A33,Delphinus
0.0010657894736842107,0.0211748579795576,0.9169889389922415,0.004,0.004710526315789474,0.007846684846091427,0.04421320239263594,S_bredanensis,27,PMC_12_A33,Delphinus
0.04525444492228187,0.05646194643983942,0.02260098060536853,0.004213199635908653,0.6182418861805449,0.1017292699679951,0.15149827224806137,S_frontalis,28,PMC_12_A33,Delphinus
0.2734015624251537,0.11065771433475599,0.09938007254719854,0.08403754194353215,0.18189086521908332,0.06848545963161637,0.18214678389866082,Delphinus,29,PMC_12_A33,Delphinus
0.055901025784248694,0.07135474913221254,0.035397505647635844,0.00783302406464346,0.5898149451518672,0.10328494317628292,0.13641380704310907,S_frontalis,30,PMC_12_A33,Delphinus
0.012,0.2201856273272217,0.7183464975857896,0.006,0.003024390243902439,0.004055811658641847,0.03638767318444439,S_bredanensis,31,PMC_12_A33,Delphinus
0.007407249829294484,0.06828203077454258,0.7018527090861094,0.043412713234699654,0.06531250360475158,0.04157694712158688,0.07215584634901566,S_bredanensis,32,PMC_12_A33,Delphinus
0.19020175472243997,0.17422966254379874,0.055265086484344146,0.1003044638389106,0.3222900939276814,0.06435584213923064,0.0933530963435944,S_frontalis,33,PMC_12_A33,Delphinus
0.12649577541346796,0.2292876176956859,0.11560864299210372,0.038809115901352685,0.33092475965862234,0.048854493003048144,0.11001959533571944,S_frontalis,34,PMC_12_A33,Delphinus
0.1806664795199295,0.14877656874364192,0.0871084416382873,0.09169754610439632,0.28925141441712215,0.07185678236395847,0.13064276721266432,S_frontalis,35,PMC_12_A33,Delphinus
0.14566352272651817,0.13980897856180616,0.10045231406508336,0.09206944232506728,0.3434316291176164,0.06006086499932633,0.11851324820458257,S_frontalis,36,PMC_12_A33,Delphinus
0.23925776799450982,0.13429596007161182,0.03838552755224928,0.11041890902033576,0.1864474384026227,0.07710179494900811,0.21409260200966254,Delphinus,37,PMC_12_A33,Delphinus
0.1572677388445652,0.3451662236002696,0.043309897114782524,0.07074892394966173,0.25974557657499653,0.06989799327589755,0.05386364663982656,S_attenuata,38,PMC_12_A33,Delphinus
0.20586849283451675,0.07236820214039515,0.060424743911290386,0.2902964052527231,0.19133938995847846,0.07096634216261088,0.10873642373998525,S_clymene,39,PMC_12_A33,Delphinus
0.1948389631350795,0.1342482365651291,0.05909365769389646,0.16368391171744728,0.2390272642656626,0.04085143660076062,0.1682565300220247,S_frontalis,40,PMC_12_A33,Delphinus
0.5740707995114501,0.043682133428424016,0.05067463648948587,0.02440977202391582,0.12675245725670972,0.11761032461916802,0.06279987667084722,Delphinus,41,PMC_12_A33,Delphinus
0.12209235445888354,0.12203936113134409,0.023109847998551966,0.1761749554839342,0.2350620804816931,0.16797480294491357,0.15354659750068012,S_frontalis,42,PMC_12_A33,Delphinus
0.6653278598212187,0.06326580388140786,0.0471022038835684,0.033066747258904884,0.07299960639699966,0.06797820008397283,0.05025957867392835,Delphinus,43,PMC_12_A33,Delphinus
0.3194062050857812,0.16600071232263872,0.10295978305183646,0.03238825892742049,0.16983483915813433,0.11682669404460785,0.09258350740958118,Delphinus,44,PMC_12_A33,Delphinus
0.05234157837511594,0.050099315858705085,0.032000578580798515,0.010228808781072116,0.5625059276176235,0.16245155280848997,0.1303722379781951,S_frontalis,45,PMC_12_A33,Delphinus
0.051279293571148875,0.22447005215683424,0.019149311390134843,0.00852968914294669,0.4139117404029993,0.09194004171469626,0.19071987162123957,S_frontalis,46,PMC_12_A33,Delphinus
6.578947368421052e-05,0.02420153865182651,0.9472407334283157,0.006,0.0026973684210526315,0.002929285578692159,0.016865284446428902,S_bredanensis,47,PMC_12_A33,Delphinus
0.11928604369016073,0.2725757404855981,0.004999847636318696,0.0964558224392986,0.13953495736169078,0.058337522939529214,0.3088100654474038,T_truncatus,48,PMC_12_A33,Delphinus
0.31871057686907517,0.09869835669211804,0.047247630477153905,0.20439277340930598,0.10113370984980964,0.056707485804382965,0.17310946689815424,Delphinus,49,PMC_12_A33,Delphinus
0.1974406619731094,0.14990192687750986,0.07373005213979349,0.09614972897328176,0.24292263620384652,0.07688904240974113,0.16296595142271786,S_frontalis,50,PMC_12_A33,Delphinus
0.25065239076925117,0.1375738638644219,0.20346355571723942,0.026110910195736185,0.24792600784311192,0.03593409794663679,0.09833917366360274,Delphinus,51,PMC_12_A33,Delphinus
0.3733289490318567,0.1170559677872094,0.1036360837436141,0.0975132463971034,0.11824590888456299,0.060183329076242444,0.13003651507941139,Delphinus,52,PMC_12_A33,Delphinus
0.2012340911896631,0.36795845690298934,0.04255813645374879,0.06464870714395975,0.1949196359510657,0.08283025873085821,0.045850713627714895,S_attenuata,53,PMC_12_A33,Delphinus
0.0694330638381182,0.27175173660986096,0.04586673116058999,0.006520665776176657,0.4944068632176586,0.034606531317966746,0.07741440807962846,S_frontalis,54,PMC_12_A33,Delphinus
0.10642958679791195,0.2643529928081767,0.1197833729232913,0.0204074209758697,0.3582013314471844,0.02451121875146356,0.10631407629610254,S_frontalis,55,PMC_12_A33,Delphinus
0.03655017509018937,0.0583241908046347,0.023681495875510963,0.014452010271148874,0.523500380891758,0.14382961730771313,0.19966212975904507,S_frontalis,3721,PMC_12_A33,Delphinus
0.06831876208465959,0.13561527162147716,0.06923911142266036,0.05709869329153251,0.44398094418124584,0.11512583243028099,0.11062138496814379,S_frontalis,3722,PMC_12_A33,Delphinus
0.0722233533216237,0.30605518229003853,0.09281259632018073,0.014944246787795665,0.358954080955022,0.028576700444963157,0.12643383988037601,S_frontalis,3723,PMC_12_A33,Delphinus
0.2859065374049144,0.07668373025750365,0.05994313650310507,0.0268912142043839,0.2799361055239734,0.10831524779539771,0.16232402831072204,Delphinus,56,PMC_12_A46,Delphinus
0.6932471401876966,0.029867379869633066,0.03630299033919288,0.06070593659166478,0.040522711589845994,0.09033741923170535,0.04901642219026147,Delphinus,57,PMC_12_A47,Delphinus
0.5634837385599757,0.039583775918197305,0.03353282494651588,0.05879848742745173,0.17522551234769046,0.06809672828487359,0.06127893251529569,Delphinus,58,PMC_12_A47,Delphinus
0.20431596315199183,0.17326033886842535,0.05097981875197779,0.10337592229672567,0.20143442757917807,0.098774405441575,0.16785912391012672,Delphinus,59,PMC_12_A47,Delphinus
0.281573952641171,0.06535542911848759,0.06489921926679473,0.24584805760721617,0.1403482923748052,0.07180529511933062,0.13016975387219487,Delphinus,60,PMC_12_A47,Delphinus
0.5484040502672722,0.04531665431260001,0.04188764127336441,0.12168823104809542,0.0832029001720045,0.0869409037209241,0.07255961920573971,Delphinus,61,PMC_12_A47,Delphinus
0.4579511118861285,0.15469728879264194,0.11057800608707093,0.07065934730828137,0.03846328493264307,0.061920207422838866,0.1057307535703953,Delphinus,62,PMC_12_A47,Delphinus
0.4848761693451084,0.025332695638601188,0.01907179181668776,0.051830133552837554,0.07467488279150311,0.30880094822199144,0.03541337863327025,Delphinus,63,PMC_12_A47,Delphinus
0.6168194763084354,0.0408807382107495,0.07605936055925266,0.028619320981316112,0.12650747924768418,0.05753663623293476,0.05357698845962783,Delphinus,64,PMC_12_A47,Delphinus
0.07563576237115573,0.4211437551031682,0.034512099031263406,0.045220903076287976,0.3237501298028637,0.02729671109289931,0.07244063952236181,S_attenuata,65,PMC_12_A47,Delphinus
0.3981653374276257,0.11165558541888145,0.05561273160017868,0.18716960348164102,0.06448264647902695,0.06139808964011864,0.12151600595252787,Delphinus,66,PMC_12_A47,Delphinus
0.483507534978864,0.02412052431350046,0.02718274367893471,0.11105503595635302,0.1376428819458171,0.12180035175984642,0.09469092736668423,Delphinus,67,PMC_12_A47,Delphinus
0.558773519312559,0.024358667968604163,0.029477990484881138,0.108671721560785,0.1188920666001691,0.09256848622482165,0.06725754784818051,Delphinus,68,PMC_12_A47,Delphinus
0.17461018545378854,0.2863426966118971,0.014248394172724468,0.0531683459866403,0.05798757374127666,0.29413960534339595,0.11950319869027676,S_longirostris,69,PMC_12_A47,Delphinus
0.4314525256737985,0.06232042642475159,0.025406477845123412,0.013623744503674323,0.2566457912745469,0.08464410409503774,0.1259069301830674,Delphinus,70,PMC_12_A47,Delphinus
0.056848716679128455,0.1875802618528912,0.01218618498753106,0.29192346666756597,0.22620900993643359,0.04790705245367048,0.17734530742277915,S_clymene,71,PMC_12_A47,Delphinus
0.18903430500176543,0.11453243792760331,0.1216745692562753,0.07297500741198219,0.19199238189195564,0.12145416766703993,0.1883371308433783,S_frontalis,72,PMC_12_A47,Delphinus
0.03193462969791193,0.5927232654966788,0.0005758128078817735,0.1285123844866689,0.038301585236397054,0.12913619121979775,0.07881613105466354,S_attenuata,73,PMC_12_A47,Delphinus
0.12721063447959288,0.0491209581925099,0.08954248827763157,0.08084895244508063,0.27701056371971244,0.1503100052197646,0.22595639766570788,S_frontalis,74,PMC_12_A47,Delphinus
0.02836433879312086,0.16038041735400332,0.03514562463563743,0.06057765328188189,0.5503254906378501,0.028337250277449936,0.1368692250200566,S_frontalis,75,PMC_12_A47,Delphinus
0.29783160810189313,0.02996228432657454,0.01972370015355076,0.010176848418298755,0.36140927781495946,0.09459163705729921,0.18630464412742434,S_frontalis,76,PMC_12_A47,Delphinus
0.35455170272239617,0.23897167236338404,0.01727565643864333,0.06051270486922155,0.017041674708781807,0.11022050713498523,0.20142608176258758,Delphinus,77,PMC_12_A47,Delphinus
0.2830612398527446,0.11558243398099194,0.24888195091577497,0.08611444120380386,0.10109861044698325,0.061687943394178116,0.10357338020552331,Delphinus,78,PMC_12_A47,Delphinus
0.3022166011074167,0.12450774174344374,0.012321018328164447,0.02820576379884108,0.01689579967557187,0.17989433622245374,0.33595873912410834,T_truncatus,79,PMC_12_A47,Delphinus
0.06640495794436665,0.054830055431051204,0.04404919366662729,0.04995714000546895,0.3950000836873001,0.18749463638556885,0.2022639328796172,S_frontalis,80,PMC_12_A47,Delphinus
0.1691380411216622,0.18451500954457972,0.136898665128054,0.020831353892836805,0.3501487847243761,0.0702033322628083,0.06826481332568338,S_frontalis,81,PMC_12_A47,Delphinus
0.3591267394243997,0.03557157062712446,0.02107920697233046,0.026571122894428183,0.2117509886330774,0.2560189212572331,0.0898814501914068,Delphinus,82,PMC_12_A47,Delphinus
0.23432566157986812,0.057189459731222296,0.13295318576104656,0.023020987085370676,0.08983988692546051,0.07653300653590163,0.3861378123811302,T_truncatus,83,PMC_12_A47,Delphinus
0.2875536158128136,0.099594860752962,0.08229782667863107,0.10855022459352678,0.2021643184218721,0.09383011781150251,0.12600903592869234,Delphinus,84,PMC_12_A47,Delphinus
0.08790433122849714,0.07854151220575459,0.020940021489210533,0.016630533773436047,0.1957494225854282,0.27465229788613443,0.32558188083153905,T_truncatus,85,PMC_12_A47,Delphinus
0.12275273038778087,0.23220496174289937,0.014939858209413548,0.26115943042627016,0.09112405460143777,0.05957298744343998,0.21824597718875835,S_clymene,86,PMC_12_A47,Delphinus
0.17721338195043676,0.247318296152401,0.21788429385844246,0.08988974878575183,0.08815649569080226,0.034403544173640006,0.145134239388526,S_attenuata,87,PMC_12_A47,Delphinus
0.4627725390123451,0.036455605469681414,0.06428217609182499,0.08213043385307832,0.16105302547881345,0.09164533328752845,0.10166088680672833,Delphinus,88,PMC_12_A47,Delphinus
0.5936601973564737,0.029711118834660325,0.020503994117910943,0.029085685482780226,0.18497303772712267,0.08575001530731902,0.05631595117373348,Delphinus,89,PMC_12_A47,Delphinus
0.7944442169256217,0.026210612562735897,0.012249354490344228,0.03310224722918142,0.030560226517216245,0.0628495317796019,0.04058381049529908,Delphinus,90,PMC_12_A47,Delphinus
0.1662984457446194,0.22609685163362883,0.08808623321342507,0.013323127368585892,0.28762726258501653,0.11893184483082334,0.09963623462390171,S_frontalis,91,PMC_12_A47,Delphinus
0.08143515070336264,0.26275702359767356,0.010656352635854939,0.04183864251792782,0.10382154285086209,0.32394063440216314,0.17555065329215577,S_longirostris,92,PMC_12_A47,Delphinus
0.6421708919223045,0.03806120581958586,0.07007776866045068,0.05107195344286116,0.06306713236139637,0.0687883916575528,0.06676265613584932,Delphinus,93,PMC_12_A47,Delphinus
0.4348743696862888,0.059903156119124015,0.16051647449018316,0.06297415494873884,0.1375378648784571,0.06034911991785446,0.08384485995935367,Delphinus,94,PMC_12_A47,Delphinus
0.045231518554694365,0.26446666751625025,0.0028499999999999997,0.07047912007896089,0.050959177947626916,0.3286727692584017,0.23734074664406563,S_longirostris,95,PMC_12_A47,Delphinus
0.12057596765220074,0.07579801048746718,0.020076997622555246,0.3785991317741955,0.18548238223059793,0.01447898678143118,0.2049885234515522,S_clymene,96,PMC_12_A47,Delphinus
0.33912376640532593,0.08566894503022436,0.10036999081475341,0.019076443921450362,0.2843202281343084,0.1063135045399054,0.06512712115403246,Delphinus,3724,PMC_12_A47,Delphinus
0.12391142686343659,0.18578982179419234,0.017880188956267265,0.21514748484098226,0.1306913855040979,0.07436299614254693,0.25221669589847684,T_truncatus,3725,PMC_12_A47,Delphinus
0.5593842337399537,0.1332119383941654,0.021278107425940274,0.04200202936638187,0.02332953533542735,0.06798127391807951,0.1528128818200527,Delphinus,3726,PMC_12_A47,Delphinus
0.24598262783101538,0.08133280961750305,0.12659951422596924,0.014570441800667583,0.2738263100127396,0.15719084870793462,0.10049744780417076,S_frontalis,3727,PMC_12_A47,Delphinus
0.5395576860659443,0.06778631179936673,0.02708977978350118,0.052939326619073544,0.08932493766104019,0.15603318421858337,0.06726877385249112,Delphinus,3728,PMC_12_A47,Delphinus
0.4825863845212574,0.06374634896306436,0.016870053222196195,0.09268042391879072,0.06685787826974378,0.13932660421768178,0.13793230688726577,Delphinus,3729,PMC_12_A47,Delphinus
0.12523210791985756,0.09390018914273361,0.04619331410967908,0.16155655574480685,0.13700282065566127,0.21231979737525064,0.22379521505201108,T_truncatus,3730,PMC_12_A47,Delphinus
0.12125288981973523,0.30881252979355833,0.026823078518366187,0.09135668711432009,0.18986354869716976,0.05586090460720552,0.2060303614496448,S_attenuata,3731,PMC_12_A47,Delphinus
0.24009769340457934,0.27172531255075894,0.07020820941810235,0.03989605258226698,0.10798476451205447,0.15181780643584872,0.11827016109638924,S_attenuata,3732,PMC_12_A47,Delphinus
0.15800676043993628,0.19802535813614666,0.09033230929493521,0.05215312857016323,0.06885126860325834,0.24713624581099272,0.18549492914456778,S_longirostris,3733,PMC_12_A47,Delphinus
0.08781542488483038,0.17647593151923766,0.009459017689511216,0.1332832861915137,0.036386105140551024,0.33756651998091325,0.2190137145934428,S_longirostris,97,PMC_12_A62,Delphinus
0.30177652509322495,0.11060420700245037,0.024576483634383212,0.05915688724225065,0.047056282434626846,0.3468554444752911,0.10997417011777344,S_longirostris,98,PMC_12_A62,Delphinus
0.562486424528945,0.06684277271906823,0.02877521536179705,0.02451760059431248,0.16175702625019084,0.07172320655587393,0.08389775398981252,Delphinus,99,PMC_12_A62,Delphinus
0.024110038193940055,0.041093762216609216,0.0013189906741191365,0.8499024044917284,0.020858086999545854,0.037546093492964436,0.025170623931093157,S_clymene,100,PMC_12_A62,Delphinus
0.049229033411724854,0.09363481053284066,0.27848857288845186,0.015206602147938664,0.022949809261000077,0.33144890373797925,0.20904226802006456,S_longirostris,101,PMC_12_A62,Delphinus
0.5078537196643391,0.03890254229554217,0.05377853525942878,0.05716812596471503,0.12384521877092615,0.13587267808027556,0.08257917996477332,Delphinus,102,PMC_12_A62,Delphinus
0.15589985213564786,0.03648761565313945,0.1795546019715536,0.06829096713973586,0.0450749517821465,0.3454238598154267,0.1692681515023498,S_longirostris,103,PMC_12_A62,Delphinus
0.057389191754181106,0.1249383222580992,0.012783717504608364,0.30470494954383665,0.06792685670500916,0.2513473607340451,0.1809096015002208,S_clymene,104,PMC_12_A62,Delphinus
0.25632761563557915,0.1336919231800262,0.012129934676561939,0.13253896169800147,0.07946949746650955,0.28608027004060615,0.09976179730271564,S_longirostris,105,PMC_12_A62,Delphinus
0.6207010966563682,0.07640726638342708,0.014472056760656481,0.03393112674712832,0.02881787676994273,0.09455651097265334,0.13111406570982426,Delphinus,106,PMC_12_A62,Delphinus
0.21393867787798482,0.07120528642044292,0.1762451412905632,0.06807949545064707,0.2134699501228213,0.07309516174327632,0.18396628709426452,Delphinus,107,PMC_12_A62,Delphinus
0.47964506957349795,0.06441547762895442,0.03212808394546384,0.017384602751879804,0.3132440310324875,0.04902206361545699,0.0441606714522589,Delphinus,108,PMC_12_A62,Delphinus
0.05274738001001437,0.421835709054138,0.014418304061651727,0.05794490046125406,0.3166629912438552,0.049132388714946275,0.08725832645414039,S_attenuata,109,PMC_12_A62,Delphinus
0.36789090930848223,0.06390561044697465,0.10433434774320065,0.04946785788725746,0.17149679184249897,0.1536745662217733,0.08922991654981294,Delphinus,110,PMC_12_A62,Delphinus
0.28139014696573084,0.11339753171020192,0.06956120253213902,0.039997122703466594,0.20493680951377952,0.19917874091853366,0.09153844565614908,Delphinus,111,PMC_12_A62,Delphinus
0.35712566264098444,0.1761260729446823,0.05452747579885199,0.07162145444126788,0.04534363709185721,0.05108122706466571,0.24417447001769074,Delphinus,112,PMC_3_A68,Delphinus
0.28619158087827296,0.22639019844919697,0.017489869366463216,0.09199890875042699,0.056473114722884035,0.09122999458681318,0.23022633324594308,Delphinus,113,PMC_3_A68,Delphinus
0.41092163762257217,0.11539820413171008,0.05460507668239015,0.04752073585237842,0.07119764048606475,0.1011513849226585,0.1992053203022264,Delphinus,114,PMC_3_A68,Delphinus
0.35079991654543735,0.08201936234019157,0.030462220313560082,0.01690603723837884,0.3672603205419556,0.06486133744519729,0.08769080557527986,S_frontalis,115,PMC_3_A68,Delphinus
0.06277079855333258,0.39235303181742853,0.008975669936859259,0.0106243706609472,0.1344880391023122,0.20118755156860738,0.18960053836051297,S_attenuata,116,PMC_3_A68,Delphinus
0.6089948386818178,0.05252904644624196,0.03606807418630653,0.036987557846839214,0.05847265924617781,0.08430990733459005,0.12263791625802757,Delphinus,117,PMC_6_A51,Delphinus
0.6505979929936095,0.05685327372710078,0.043583909430348684,0.05229460541936881,0.06522321320368253,0.06012776951887112,0.07131923570701892,Delphinus,118,PMC_6_A51,Delphinus
0.22139974743639834,0.141530977449089,0.05569638310763611,0.1792751998171099,0.20964545391813674,0.07205255759011828,0.12039968068151201,Delphinus,119,PMC_6_A51,Delphinus
0.26874377919488646,0.20019497782349302,0.04680634030525593,0.01614149822801334,0.11798801544989923,0.15814093857515638,0.19198445042329568,Delphinus,120,PMC_6_A51,Delphinus
0.24699521419703066,0.04269698095418906,0.04474628007394661,0.05216790628532017,0.24853839172541034,0.17755201665085715,0.18730321011324647,S_frontalis,121,PMC_6_A51,Delphinus
0.4972974658735496,0.06324239873484548,0.034404562059685825,0.054946726403083956,0.10176217579415496,0.13182970682019984,0.11651696431448053,Delphinus,122,PMC_6_A51,Delphinus
0.49366207794512,0.02686475198471835,0.0772958077649393,0.028285767274371487,0.06353012253593764,0.10641974121098145,0.20394173128393212,Delphinus,123,PMC_6_A51,Delphinus
0.5970351718972592,0.060901249608377145,0.014708389646372128,0.04064500340363063,0.03188455050748782,0.09064355581569437,0.16418207912117966,Delphinus,124,PMC_6_A51,Delphinus
0.0540314123523463,0.15959724385536087,0.04689858827274919,0.11958608052062435,0.40403882580544115,0.08148051745889659,0.13436733173458212,S_frontalis,125,PMC_6_A51,Delphinus
0.1163511192037406,0.058702871932895244,0.00897425187865098,0.030752265199390668,0.09538395379623436,0.6433731550768741,0.04646238291221431,S_longirostris,126,PMC_6_A51,Delphinus
0.13987993299667886,0.12796318939717402,0.003760145881150053,0.011145539237375612,0.052134768121481156,0.5473930085916486,0.11772341577449183,S_longirostris,127,PMC_6_A51,Delphinus
0.5878608280230826,0.1312489617909769,0.02617596232194794,0.05100343842455897,0.045032528873926246,0.04182737133456856,0.11685090923093915,Delphinus,128,PMC_6_A51,Delphinus
0.49426587151459495,0.03042307305475632,0.07176766834632467,0.0266744896798312,0.07230794257114154,0.13665230796088945,0.16790864687246204,Delphinus,129,PMC_6_A51,Delphinus
0.4093185014329553,0.09912191639739305,0.02828473278043796,0.08266589577488996,0.04803970948758888,0.22943888997336065,0.10313035415337486,Delphinus,130,PMC_6_A51,Delphinus
0.35912956674652113,0.05478345149735029,0.02182452274642631,0.06941453169207146,0.20357577682024686,0.19286884057663717,0.0984033099207473,Delphinus,131,PMC_6_A51,Delphinus
0.3311003994081669,0.09791759046421313,0.029259911441626173,0.05417379674172554,0.0763929869362086,0.2804064909561557,0.13074882405190436,Delphinus,132,PMC_6_A51,Delphinus
0.6374775576869345,0.01972321618398045,0.013533206623264474,0.09779582507493899,0.035534633724994324,0.1348760265796017,0.06105953412628637,Delphinus,133,PMC_6_A51,Delphinus
0.477629226700028,0.11022538943443254,0.05889916514185212,0.06931996000063878,0.15227506118842077,0.0494895781815069,0.08216161935312116,Delphinus,134,PMC_6_A51,Delphinus
0.2195759810454545,0.11236338847374996,0.03419009037805762,0.22384133369721965,0.17255406827530603,0.13579119612743143,0.10168394200278115,S_clymene,135,PMC_6_A51,Delphinus
0.18246031899000062,0.1917219163853197,0.06955714371346426,0.0786938222749541,0.3150189832107363,0.06305392967252846,0.09949388575299672,S_frontalis,136,PMC_6_A51,Delphinus
0.1997752754543431,0.18200951226059045,0.08337577165946734,0.016344198715910613,0.3218602793315423,0.08065731796105303,0.11597764461709377,S_frontalis,137,PMC_6_A51,Delphinus
0.28069301011239367,0.07024490643237229,0.04332516499795948,0.019700252071391727,0.37701529347119955,0.11484452184903313,0.0941768510656506,S_frontalis,138,PMC_6_A51,Delphinus
0.26799740613119827,0.048254208273663626,0.020313008352782345,0.041016436487410754,0.312709650828087,0.23941836402685882,0.07029092589999923,S_frontalis,139,PMC_6_A51,Delphinus
0.3412868156311924,0.08801319919622826,0.03827715608328299,0.11918945830813689,0.15537739215433377,0.12991927516950932,0.1279367034573168,Delphinus,140,PMC_6_A51,Delphinus
0.44545941016780044,0.0666528949918912,0.0214475794881459,0.146810840236202,0.07568957306570413,0.10752001831794072,0.13641968373231592,Delphinus,141,PMC_6_A51,Delphinus
0.30424675511461957,0.03950373804050342,0.027001196658457304,0.016035133893484682,0.37572268627163347,0.1521937526202508,0.08529673740105106,S_frontalis,142,PMC_6_A51,Delphinus
0.4384355454579171,0.0765606090627572,0.025914161155488624,0.08781833993499827,0.06158057238097406,0.20940734089132934,0.10028343111653625,Delphinus,143,PMC_6_A51,Delphinus
0.35239425055614315,0.06082217764896795,0.012685212781576794,0.15613604424290287,0.08902950001042897,0.20552049313285511,0.12341232162712545,Delphinus,144,PMC_6_A51,Delphinus
0.6062286659545969,0.05127452955548688,0.038767881321951095,0.04542278282200823,0.046288157650192355,0.09225624583755332,0.11976173685821176,Delphinus,145,PMC_6_A51,Delphinus
0.17335521179299965,0.19837235849237647,0.038028654253697385,0.048533286538365666,0.18130060357784167,0.21758625166937648,0.142823633675343,S_longirostris,146,PMC_6_A51,Delphinus
0.41801964479208015,0.10470204304717066,0.02217756475754816,0.10438935861711997,0.033535401215106043,0.12953980879620516,0.1876361787747702,Delphinus,147,PMC_6_A51,Delphinus
0.1338685684948653,0.2304025091235675,0.023084134188715046,0.059252718771692074,0.04546797202697166,0.12226051400928178,0.38566358338490675,T_truncatus,148,PMC_6_A51,Delphinus
0.22274841003297527,0.20761610285916776,0.03985941376659783,0.13405587744213818,0.15692493632163426,0.07308406725859078,0.16571119231889625,Delphinus,149,PMC_6_A51,Delphinus
0.07429292997797449,0.039851217499276725,0.005055120929741433,0.014600408459542056,0.04184389623001439,0.7848399724749391,0.03951645442851264,S_longirostris,150,PMC_6_A51,Delphinus
0.06972610862471697,0.04704443786634264,0.009852684638874993,0.029606912401423807,0.05357572946462941,0.7562633516609102,0.03393077534310275,S_longirostris,151,PMC_6_A51,Delphinus
0.08463085213112552,0.12200953079257532,0.002480496883742641,0.45656808524192166,0.14334181414809907,0.05741898542205055,0.1335502353804855,S_clymene,152,PMC_6_A51,Delphinus
0.6678138438163346,0.10421420832171906,0.030923684426530915,0.04327239912518628,0.04371999539028669,0.03741857305703775,0.07263729586290509,Delphinus,153,PMC_6_A51,Delphinus
0.33331150119472314,0.05087574914212682,0.04920717982573187,0.043597116834588494,0.23212994506716084,0.18863576394456782,0.10224274399110127,Delphinus,154,PMC_6_A51,Delphinus
0.23455780949024202,0.29624152835089734,0.007177428674388517,0.038960887338173225,0.12098978864017004,0.15570791751762833,0.1463646399885006,S_attenuata,155,PMC_6_A51,Delphinus
0.6571855110029097,0.0257361372971623,0.03585102965358892,0.03211971510756172,0.08902588817154264,0.07601679164689597,0.08406492712033915,Delphinus,156,PMC_6_A51,Delphinus
0.4339888766342427,0.10119880593207162,0.014734687037635813,0.08213482749433854,0.04856126109040268,0.10653952919163649,0.21284201261967245,Delphinus,3734,PMC_6_A51,Delphinus
0.10368059127339876,0.08254064103466886,0.015733814593865515,0.03056391297462271,0.08373562515214754,0.6284908369800593,0.05525457799123798,S_longirostris,3735,PMC_6_A51,Delphinus
0.5679469639005595,0.08803655245242398,0.04633720330039032,0.05519996545294886,0.07220519456461433,0.036989343335177116,0.13328477699388605,Delphinus,3736,PMC_6_A51,Delphinus
0.10472730165223185,0.21076176157817156,0.022528209304863937,0.15856502843755688,0.09727312245715079,0.2152936386035223,0.19085093796650282,S_longirostris,3737,PMC_6_A51,Delphinus
0.2645896784313422,0.11682617414823712,0.01615769383196055,0.21134134024058437,0.18049584364882043,0.07083049308889051,0.13975877661016523,Delphinus,3738,PMC_6_A51,Delphinus
0.18266162287495222,0.14212105873116898,0.04983737979749009,0.011069218991702424,0.48416740793015733,0.07724214893645125,0.05290116273807794,S_frontalis,3739,PMC_6_A51,Delphinus
0.5098007708267648,0.06782082722952494,0.03554750260324385,0.06122625949244448,0.0627277266279315,0.12076699375174108,0.14210991946834964,Delphinus,3740,PMC_6_A51,Delphinus
0.3345980832997451,0.03676028295944148,0.03410242765633485,0.009308152115704063,0.3329161022994535,0.12271197848236762,0.12960297318695363,Delphinus,3741,PMC_6_A51,Delphinus
0.33152573434774274,0.08435237865481673,0.016413823423049527,0.1864110323111695,0.07786884014300688,0.08309587555988725,0.2203323155603275,Delphinus,3742,PMC_6_A51,Delphinus
0.13853137886228808,0.13805313244242903,0.009809060333134011,0.016235001581802726,0.04239117180017376,0.5050488567785473,0.14993139820162463,S_longirostris,3743,PMC_6_A51,Delphinus
0.4441292585185888,0.0984545867556848,0.045998354148806646,0.15083868220668667,0.11953261292726293,0.034304833538214126,0.10674167190475609,Delphinus,157,PMC_9_A102,Delphinus
0.520925294176761,0.07407690060547362,0.020108927437098346,0.04178859374075939,0.03098623679730975,0.1357800417776925,0.17633400546490557,Delphinus,158,PMC_9_A102,Delphinus
0.426457488691294,0.10625789685738532,0.046819548625838835,0.03545460300848371,0.09407990765543933,0.20317907156400605,0.08775148359755315,Delphinus,159,PMC_9_A102,Delphinus
0.16181596376033264,0.26099880618069893,0.017041585575269826,0.09413730882866898,0.0487649053456172,0.08809454648331516,0.3291468838260975,T_truncatus,160,PMC_9_A102,Delphinus
0.33912363997061634,0.11262846823193375,0.01702611199586441,0.12352721808430965,0.04212626168323838,0.1618136801508696,0.2037546198831678,Delphinus,161,PMC_9_A102,Delphinus
0.04424383367092408,0.12102615540941888,0.0005192294024383576,0.44512210526789336,0.03722502002952492,0.10973043256472044,0.24213322365508005,S_clymene,162,PMC_9_A102,Delphinus
0.321032147506122,0.11965778904850811,0.0421480943976704,0.010619478694637552,0.41997787216908616,0.04070371930833979,0.04586089887563605,S_frontalis,163,PMC_9_A102,Delphinus
0.2785238936033934,0.11427879928627199,0.014094661830302158,0.2739146189789566,0.07442799757789507,0.03492052681598215,0.20983950190719866,Delphinus,164,PMC_9_A102,Delphinus
0.162724086328402,0.22449318527017345,0.023038365348850873,0.173347428516943,0.13298506759341092,0.10705869014535643,0.17635317679686352,S_attenuata,165,PMC_9_A102,Delphinus
0.3841475861706724,0.06334286973910339,0.03687084277780729,0.014954469431029209,0.30940117249228927,0.1091113561180229,0.0821717032710758,Delphinus,166,PMC_9_A102,Delphinus
0.2035268775066462,0.11538180083794591,0.06974240216477644,0.0627772945239949,0.279704351099179,0.19051221072101276,0.07835506314644504,S_frontalis,167,PMC_9_A102,Delphinus
0.7109546440470164,0.04517545780335467,0.03206538519678284,0.0168509878616297,0.11317002403479787,0.0365158764469126,0.04526762460950694,Delphinus,168,PMC_9_A102,Delphinus
0.44228109275849903,0.04890481881906397,0.08897354724358714,0.11984863989530029,0.062340726921984724,0.08115618418100391,0.15649499018056126,Delphinus,169,PMC_9_A102,Delphinus
0.6258841037828018,0.056620840108748544,0.0480004142254968,0.07576368028049707,0.04311976689108834,0.04184036265696452,0.10877083205440274,Delphinus,170,PMC_9_A102,Delphinus
0.40220342325183883,0.1658751171672856,0.014754396061892732,0.030439036442151585,0.023680736316761507,0.2013023360680421,0.1617449546920278,Delphinus,171,PMC_9_A102,Delphinus
0.43799034772380113,0.07224418260746235,0.04176398008641123,0.11909344212138867,0.09248430006793319,0.12826288738078803,0.10816086001221577,Delphinus,172,PMC_9_A102,Delphinus
0.018054093363316377,0.10131378284961692,0.002441893200060983,0.15295323336662592,0.010600173192938487,0.15890724126156394,0.5557295827658773,T_truncatus,173,PMC_9_A102,Delphinus
0.4715145795609096,0.0965392725940336,0.052481233954590825,0.07534521338516875,0.1437737850686942,0.05711794428291777,0.10322797115368519,Delphinus,174,PMC_9_A102,Delphinus
0.5974857788556298,0.0844216411380488,0.02095625855645834,0.09193301946689374,0.05608047248274012,0.06520981088007452,0.08391301862015477,Delphinus,175,PMC_9_A102,Delphinus
0.14554890132415332,0.2498608808504112,0.04045126345965933,0.1712528286783451,0.10175232351973923,0.016418016030187815,0.27471578613750414,T_truncatus,176,PMC_9_A102,Delphinus
0.2568219731106372,0.14006175971725646,0.0075852300896765736,0.2601353066928053,0.17245360413700814,0.038211803726606895,0.12473032252600941,S_clymene,177,PMC_9_A102,Delphinus
0.24987761770321024,0.10527392244160688,0.26412945463258225,0.034826857552519186,0.16106003972642394,0.04518464476419661,0.13964746317946095,S_bredanensis,178,PMC_9_A102,Delphinus
0.18586096076516423,0.1712491654172853,0.030849043300613523,0.22441584071114154,0.1294322800280944,0.051032480060713245,0.20716022971698825,S_clymene,179,PMC_9_A102,Delphinus
0.2356833205294682,0.08181018369218769,0.06483256859453483,0.1859732653027808,0.19368360906488089,0.03768655404399653,0.20033049877215117,Delphinus,180,PMC_9_A102,Delphinus
0.09192566938079834,0.24224344245148213,0.012939033348237174,0.030730431855143656,0.08050516209537315,0.4267079476144289,0.11494831325453687,S_longirostris,181,PMC_9_A102,Delphinus
0.20264045405758796,0.14071788640901095,0.012051341351083282,0.27546689198452995,0.08699188275217351,0.030536547408805712,0.2515949960368086,S_clymene,182,PMC_9_A102,Delphinus
0.41628864555610334,0.05777423522975255,0.029053030027988196,0.04480404621877815,0.1136367565921535,0.26747728285572175,0.0709660035195025,Delphinus,183,PMC_9_A102,Delphinus
0.25128469390333646,0.18914732336236054,0.019113949155869815,0.09533738603335919,0.04049314353059786,0.10574997413198656,0.29887352988248966,T_truncatus,184,PMC_9_A102,Delphinus
0.04610988883593471,0.35666124674203964,0.012163585637934111,0.10446633529617487,0.10752700996424146,0.0638442033659874,0.3092277301576879,S_attenuata,185,PMC_9_A102,Delphinus
0.705912512340159,0.02847040036208364,0.014200126979924342,0.04878147880531352,0.033670454440538386,0.07981224243049405,0.08915278464148593,Delphinus,186,PMC_9_A102,Delphinus
0.3851999384079477,0.03816229270824204,0.02074041844108775,0.1409255185725734,0.062220986686483765,0.20763429666670077,0.14511654851696457,Delphinus,187,PMC_9_A102,Delphinus
0.007300419408197812,0.06599178243853522,0.0002,0.11034358783668606,0.012684409960515166,0.7436673740275687,0.059812426328497564,S_longirostris,188,PMC_9_A102,Delphinus
0.49041245062784966,0.07445974126958219,0.0784498610457889,0.09452555977714122,0.1012544723694618,0.07616233376946228,0.08473558114071399,Delphinus,189,PMC_9_A102,Delphinus
0.5517156764333743,0.038611647762943416,0.0356288559188967,0.08027800666629636,0.12293605436971773,0.09389372100367431,0.07693603784509777,Delphinus,190,PMC_9_A102,Delphinus
0.43966584137207293,0.11275865061017697,0.02033968697961991,0.10912559780415344,0.07843593274378782,0.10409853399718352,0.13557575649300552,Delphinus,191,PMC_9_A102,Delphinus
0.32059300554652137,0.0520768152907215,0.1170970028340282,0.10967443321611972,0.09217920881323621,0.10024345672834108,0.20813607757103209,Delphinus,192,PMC_9_A102,Delphinus
0.42763359791099065,0.05341264203410485,0.031232770023755047,0.2193397854141384,0.12119926708762567,0.05849584128826284,0.08868609624112286,Delphinus,193,PMC_9_A102,Delphinus
0.5690174400055306,0.04039979917940083,0.05097367464591898,0.03469414197418909,0.17969980791513768,0.061566752925801084,0.06364838335402234,Delphinus,194,PMC_9_A102,Delphinus
0.4877537404461942,0.06115764647968356,0.049948829997607316,0.07533894425687167,0.05959284958651627,0.10620099339077457,0.1600069958423527,Delphinus,195,PMC_9_A102,Delphinus
0.2793044561588143,0.06915081060551162,0.024339012906388048,0.1802721279289446,0.12446952815564986,0.20303276810997767,0.1194312961347141,Delphinus,196,PMC_9_A102,Delphinus
0.403858717893995,0.18415213185824164,0.020000379975143444,0.03010873148322633,0.024809055515028707,0.17610569106255142,0.16096529221181385,Delphinus,3744,PMC_9_A102,Delphinus
0.8071800068352547,0.025334395594949245,0.019232108674562914,0.04200005901020631,0.032849033005144544,0.03301260950369834,0.04039178737618377,Delphinus,3745,PMC_9_A102,Delphinus
0.2348038016940787,0.1595016049194331,0.2308155149315054,0.07778740286867951,0.12107223951293386,0.03572721431250615,0.14029222176086342,Delphinus,3746,PMC_9_A102,Delphinus
0.4456777473248722,0.07016220334372578,0.06451703423465302,0.11683180933076075,0.049474245318355106,0.0955792747977326,0.15775768564990075,Delphinus,3747,PMC_9_A102,Delphinus
0.1974082681286361,0.19260216595518262,0.0755431406936063,0.016359643540976673,0.39331896485723084,0.06670387965348847,0.05806393717087866,S_frontalis,3748,PMC_9_A102,Delphinus
0.07855490288905315,0.0939594162739196,0.013937300790899405,0.040768871996081986,0.027003987267951828,0.05178926788980777,0.6939862528922865,T_truncatus,3749,PMC_9_A102,Delphinus
0.032309826928706306,0.5295114764491213,0.013496690340401078,0.17636453337117752,0.07799429365752931,0.06664685999120121,0.10367631926186274,S_attenuata,3750,PMC_9_A102,Delphinus
