Delphinus_LOGO_IND,S_attenuata_LOGO_IND,S_bredanensis_LOGO_IND,S_clymene_LOGO_IND,S_frontalis_LOGO_IND,S_longirostris_LOGO_IND,T_truncatus_LOGO_IND,Species_Classification,UID,EncounterNumber,KnownSpecies
0.175,0.06,0.03,0.45,0.097,0.04,0.148,S_clymene,0,PMC_12_A15,Delphinus
0.153,0.044,0.051,0.474,0.116,0.061,0.101,S_clymene,1,PMC_12_A15,Delphinus
0.08,0.077,0.046,0.468,0.149,0.084,0.096,S_clymene,2,PMC_12_A15,Delphinus
0.317,0.122,0.05,0.067,0.084,0.086,0.274,Delphinus,3,PMC_12_A15,Delphinus
0.164,0.139,0.009,0.022,0.013,0.05,0.603,T_truncatus,4,PMC_12_A15,Delphinus
0.825,0.017,0.014,0.006,0.029,0.066,0.043,Delphinus,5,PMC_12_A15,Delphinus
0.149,0.06,0.035,0.46,0.105,0.047,0.144,S_clymene,6,PMC_12_A15,Delphinus
0.313,0.138,0.032,0.072,0.053,0.098,0.294,Delphinus,7,PMC_12_A15,Delphinus
0.357,0.113,0.008,0.02,0.017,0.081,0.404,T_truncatus,8,PMC_12_A15,Delphinus
0.099,0.173,0.026,0.107,0.035,0.062,0.498,T_truncatus,9,PMC_12_A15,Delphinus
0.254,0.103,0.017,0.017,0.018,0.032,0.559,T_truncatus,10,PMC_12_A15,Delphinus
0.5,0.03,0.027,0.019,0.024,0.38,0.02,Delphinus,11,PMC_12_A15,Delphinus
0.708,0.006,0.01,0.016,0.013,0.224,0.023,Delphinus,12,PMC_12_A15,Delphinus
0.667,0.006,0.021,0.051,0.011,0.214,0.03,Delphinus,13,PMC_12_A15,Delphinus
0.125,0.15,0.031,0.063,0.035,0.073,0.523,T_truncatus,14,PMC_12_A15,Delphinus
0.336,0.341,0.018,0.025,0.205,0.048,0.027,S_attenuata,15,PMC_12_A15,Delphinus
0.519,0.147,0.054,0.064,0.053,0.064,0.099,Delphinus,16,PMC_12_A33,Delphinus
0.233,0.086,0.031,0.149,0.043,0.194,0.264,T_truncatus,17,PMC_12_A33,Delphinus
0.329,0.064,0.012,0.09,0.038,0.325,0.142,Delphinus,18,PMC_12_A33,Delphinus
0.286,0.121,0.068,0.018,0.294,0.141,0.072,S_frontalis,19,PMC_12_A33,Delphinus
0.212,0.118,0.032,0.186,0.221,0.089,0.142,S_frontalis,20,PMC_12_A33,Delphinus
0.254,0.125,0.061,0.031,0.298,0.162,0.069,S_frontalis,21,PMC_12_A33,Delphinus
0.312,0.084,0.067,0.027,0.305,0.141,0.064,Delphinus,22,PMC_12_A33,Delphinus
0.087,0.17,0.03,0.02,0.398,0.101,0.194,S_frontalis,23,PMC_12_A33,Delphinus
0.08,0.106,0.057,0.015,0.594,0.108,0.04,S_frontalis,24,PMC_12_A33,Delphinus
0.043,0.318,0.216,0.053,0.115,0.084,0.171,S_attenuata,25,PMC_12_A33,Delphinus
0.022,0.021,0.641,0.057,0.117,0.041,0.101,S_bredanensis,26,PMC_12_A33,Delphinus
0.015,0.001,0.857,0.025,0.033,0.01,0.059,S_bredanensis,27,PMC_12_A33,Delphinus
0.064,0.083,0.009,0.002,0.686,0.093,0.063,S_frontalis,28,PMC_12_A33,Delphinus
0.271,0.113,0.095,0.083,0.158,0.117,0.163,Delphinus,29,PMC_12_A33,Delphinus
0.09,0.066,0.037,0.004,0.654,0.081,0.068,S_frontalis,30,PMC_12_A33,Delphinus
0.029,0.055,0.669,0.021,0.022,0.003,0.201,S_bredanensis,31,PMC_12_A33,Delphinus
0.03,0.012,0.693,0.048,0.109,0.038,0.07,S_bredanensis,32,PMC_12_A33,Delphinus
0.16,0.224,0.068,0.127,0.154,0.155,0.112,S_attenuata,33,PMC_12_A33,Delphinus
0.146,0.319,0.08,0.012,0.276,0.082,0.085,S_attenuata,34,PMC_12_A33,Delphinus
0.176,0.115,0.054,0.125,0.172,0.118,0.24,T_truncatus,35,PMC_12_A33,Delphinus
0.112,0.158,0.045,0.112,0.224,0.092,0.257,T_truncatus,36,PMC_12_A33,Delphinus
0.21,0.109,0.054,0.208,0.115,0.106,0.198,Delphinus,37,PMC_12_A33,Delphinus
0.137,0.492,0.026,0.043,0.12,0.127,0.055,S_attenuata,38,PMC_12_A33,Delphinus
0.231,0.051,0.06,0.364,0.09,0.095,0.109,S_clymene,39,PMC_12_A33,Delphinus
0.118,0.094,0.024,0.183,0.117,0.071,0.393,T_truncatus,40,PMC_12_A33,Delphinus
0.482,0.044,0.077,0.034,0.142,0.172,0.049,Delphinus,41,PMC_12_A33,Delphinus
0.132,0.085,0.034,0.131,0.275,0.26,0.083,S_frontalis,42,PMC_12_A33,Delphinus
0.659,0.049,0.072,0.016,0.049,0.123,0.032,Delphinus,43,PMC_12_A33,Delphinus
0.269,0.119,0.065,0.027,0.318,0.133,0.069,S_frontalis,44,PMC_12_A33,Delphinus
0.063,0.048,0.025,0.004,0.678,0.111,0.071,S_frontalis,45,PMC_12_A33,Delphinus
0.089,0.156,0.019,0.009,0.562,0.091,0.074,S_frontalis,46,PMC_12_A33,Delphinus
0.008,0.003,0.894,0.023,0.023,0.01,0.039,S_bredanensis,47,PMC_12_A33,Delphinus
0.13,0.188,0.009,0.166,0.249,0.104,0.154,S_frontalis,48,PMC_12_A33,Delphinus
0.377,0.092,0.042,0.106,0.076,0.135,0.172,Delphinus,49,PMC_12_A33,Delphinus
0.189,0.105,0.048,0.128,0.146,0.117,0.267,T_truncatus,50,PMC_12_A33,Delphinus
0.261,0.112,0.228,0.019,0.239,0.035,0.106,Delphinus,51,PMC_12_A33,Delphinus
0.282,0.064,0.138,0.139,0.214,0.042,0.121,Delphinus,52,PMC_12_A33,Delphinus
0.168,0.412,0.041,0.066,0.115,0.13,0.068,S_attenuata,53,PMC_12_A33,Delphinus
0.112,0.175,0.047,0.004,0.522,0.034,0.106,S_frontalis,54,PMC_12_A33,Delphinus
0.125,0.357,0.1,0.011,0.295,0.027,0.085,S_attenuata,55,PMC_12_A33,Delphinus
0.055,0.062,0.017,0.004,0.692,0.122,0.048,S_frontalis,3721,PMC_12_A33,Delphinus
0.098,0.229,0.084,0.084,0.198,0.201,0.106,S_attenuata,3722,PMC_12_A33,Delphinus
0.114,0.389,0.088,0.008,0.289,0.036,0.076,S_attenuata,3723,PMC_12_A33,Delphinus
0.351,0.064,0.063,0.027,0.207,0.189,0.099,Delphinus,56,PMC_12_A46,Delphinus
0.63,0.007,0.029,0.059,0.028,0.208,0.039,Delphinus,57,PMC_12_A47,Delphinus
0.562,0.025,0.062,0.088,0.06,0.138,0.065,Delphinus,58,PMC_12_A47,Delphinus
0.183,0.075,0.066,0.088,0.23,0.064,0.294,T_truncatus,59,PMC_12_A47,Delphinus
0.234,0.035,0.053,0.254,0.078,0.207,0.139,S_clymene,60,PMC_12_A47,Delphinus
0.635,0.012,0.018,0.043,0.021,0.205,0.066,Delphinus,61,PMC_12_A47,Delphinus
0.427,0.132,0.112,0.083,0.037,0.091,0.118,Delphinus,62,PMC_12_A47,Delphinus
0.392,0.011,0.033,0.084,0.041,0.403,0.036,S_longirostris,63,PMC_12_A47,Delphinus
0.426,0.08,0.121,0.032,0.141,0.055,0.145,Delphinus,64,PMC_12_A47,Delphinus
0.094,0.437,0.057,0.015,0.179,0.085,0.133,S_attenuata,65,PMC_12_A47,Delphinus
0.344,0.128,0.084,0.135,0.051,0.116,0.142,Delphinus,66,PMC_12_A47,Delphinus
0.507,0.039,0.046,0.099,0.044,0.188,0.077,Delphinus,67,PMC_12_A47,Delphinus
0.65,0.02,0.04,0.028,0.029,0.162,0.071,Delphinus,68,PMC_12_A47,Delphinus
0.11,0.213,0.017,0.061,0.115,0.396,0.088,S_longirostris,69,PMC_12_A47,Delphinus
0.521,0.147,0.029,0.012,0.194,0.064,0.033,Delphinus,70,PMC_12_A47,Delphinus
0.12,0.195,0.022,0.128,0.175,0.121,0.239,T_truncatus,71,PMC_12_A47,Delphinus
0.15,0.113,0.064,0.12,0.19,0.151,0.212,T_truncatus,72,PMC_12_A47,Delphinus
0.085,0.42,0.0,0.266,0.014,0.087,0.128,S_attenuata,73,PMC_12_A47,Delphinus
0.105,0.049,0.096,0.144,0.154,0.148,0.304,T_truncatus,74,PMC_12_A47,Delphinus
0.036,0.137,0.038,0.057,0.533,0.013,0.186,S_frontalis,75,PMC_12_A47,Delphinus
0.361,0.103,0.023,0.011,0.176,0.24,0.086,Delphinus,76,PMC_12_A47,Delphinus
0.188,0.191,0.011,0.11,0.019,0.097,0.384,T_truncatus,77,PMC_12_A47,Delphinus
0.308,0.053,0.235,0.063,0.068,0.155,0.118,Delphinus,78,PMC_12_A47,Delphinus
0.2,0.155,0.025,0.047,0.008,0.023,0.542,T_truncatus,79,PMC_12_A47,Delphinus
0.107,0.06,0.049,0.067,0.232,0.228,0.257,T_truncatus,80,PMC_12_A47,Delphinus
0.205,0.17,0.226,0.023,0.132,0.148,0.096,S_bredanensis,81,PMC_12_A47,Delphinus
0.328,0.035,0.021,0.035,0.122,0.386,0.073,S_longirostris,82,PMC_12_A47,Delphinus
0.17,0.078,0.204,0.057,0.063,0.235,0.193,S_longirostris,83,PMC_12_A47,Delphinus
0.282,0.059,0.071,0.104,0.103,0.276,0.105,Delphinus,84,PMC_12_A47,Delphinus
0.151,0.137,0.015,0.003,0.042,0.282,0.37,T_truncatus,85,PMC_12_A47,Delphinus
0.121,0.162,0.011,0.216,0.109,0.144,0.237,T_truncatus,86,PMC_12_A47,Delphinus
0.161,0.192,0.254,0.069,0.099,0.098,0.127,S_bredanensis,87,PMC_12_A47,Delphinus
0.31,0.087,0.117,0.13,0.126,0.127,0.103,Delphinus,88,PMC_12_A47,Delphinus
0.43,0.027,0.024,0.042,0.134,0.275,0.068,Delphinus,89,PMC_12_A47,Delphinus
0.684,0.016,0.009,0.082,0.017,0.178,0.014,Delphinus,90,PMC_12_A47,Delphinus
0.326,0.163,0.067,0.055,0.21,0.081,0.098,Delphinus,91,PMC_12_A47,Delphinus
0.1,0.18,0.033,0.061,0.105,0.357,0.164,S_longirostris,92,PMC_12_A47,Delphinus
0.409,0.033,0.082,0.149,0.109,0.161,0.057,Delphinus,93,PMC_12_A47,Delphinus
0.37,0.03,0.137,0.094,0.147,0.143,0.079,Delphinus,94,PMC_12_A47,Delphinus
0.077,0.316,0.0,0.169,0.053,0.104,0.281,S_attenuata,95,PMC_12_A47,Delphinus
0.108,0.049,0.015,0.358,0.239,0.018,0.213,S_clymene,96,PMC_12_A47,Delphinus
0.274,0.096,0.132,0.031,0.151,0.163,0.153,Delphinus,3724,PMC_12_A47,Delphinus
0.129,0.13,0.024,0.198,0.145,0.109,0.265,T_truncatus,3725,PMC_12_A47,Delphinus
0.255,0.07,0.017,0.016,0.008,0.08,0.554,T_truncatus,3726,PMC_12_A47,Delphinus
0.348,0.035,0.169,0.01,0.219,0.086,0.133,Delphinus,3727,PMC_12_A47,Delphinus
0.266,0.037,0.028,0.127,0.076,0.424,0.042,S_longirostris,3728,PMC_12_A47,Delphinus
0.303,0.065,0.024,0.11,0.071,0.289,0.138,Delphinus,3729,PMC_12_A47,Delphinus
0.121,0.072,0.033,0.171,0.056,0.288,0.259,S_longirostris,3730,PMC_12_A47,Delphinus
0.18,0.162,0.028,0.086,0.193,0.123,0.228,T_truncatus,3731,PMC_12_A47,Delphinus
0.187,0.226,0.078,0.057,0.088,0.282,0.082,S_longirostris,3732,PMC_12_A47,Delphinus
0.137,0.257,0.054,0.025,0.06,0.416,0.051,S_longirostris,3733,PMC_12_A47,Delphinus
0.098,0.073,0.015,0.248,0.03,0.392,0.144,S_longirostris,97,PMC_12_A62,Delphinus
0.396,0.05,0.029,0.163,0.07,0.206,0.086,Delphinus,98,PMC_12_A62,Delphinus
0.518,0.056,0.02,0.019,0.186,0.178,0.023,Delphinus,99,PMC_12_A62,Delphinus
0.008,0.048,0.001,0.867,0.033,0.015,0.028,S_clymene,100,PMC_12_A62,Delphinus
0.124,0.021,0.413,0.058,0.039,0.082,0.263,S_bredanensis,101,PMC_12_A62,Delphinus
0.36,0.069,0.063,0.049,0.043,0.138,0.278,Delphinus,102,PMC_12_A62,Delphinus
0.134,0.016,0.215,0.083,0.026,0.091,0.435,T_truncatus,103,PMC_12_A62,Delphinus
0.083,0.065,0.028,0.326,0.048,0.318,0.132,S_clymene,104,PMC_12_A62,Delphinus
0.258,0.065,0.015,0.23,0.088,0.278,0.066,S_longirostris,105,PMC_12_A62,Delphinus
0.393,0.159,0.011,0.053,0.019,0.122,0.243,Delphinus,106,PMC_12_A62,Delphinus
0.157,0.101,0.186,0.113,0.147,0.095,0.201,T_truncatus,107,PMC_12_A62,Delphinus
0.357,0.085,0.027,0.013,0.453,0.036,0.029,S_frontalis,108,PMC_12_A62,Delphinus
0.099,0.443,0.008,0.059,0.265,0.038,0.088,S_attenuata,109,PMC_12_A62,Delphinus
0.422,0.048,0.117,0.052,0.111,0.204,0.046,Delphinus,110,PMC_12_A62,Delphinus
0.358,0.051,0.12,0.038,0.22,0.194,0.019,Delphinus,111,PMC_12_A62,Delphinus
0.343,0.073,0.066,0.176,0.046,0.116,0.18,Delphinus,112,PMC_3_A68,Delphinus
0.129,0.169,0.012,0.135,0.062,0.269,0.224,S_longirostris,113,PMC_3_A68,Delphinus
0.342,0.078,0.068,0.209,0.063,0.124,0.116,Delphinus,114,PMC_3_A68,Delphinus
0.241,0.07,0.031,0.018,0.518,0.06,0.062,S_frontalis,115,PMC_3_A68,Delphinus
0.034,0.487,0.019,0.001,0.05,0.102,0.307,S_attenuata,116,PMC_3_A68,Delphinus
0.425,0.062,0.038,0.197,0.076,0.144,0.058,Delphinus,117,PMC_6_A51,Delphinus
0.451,0.061,0.124,0.126,0.11,0.057,0.071,Delphinus,118,PMC_6_A51,Delphinus
0.192,0.082,0.074,0.376,0.067,0.107,0.102,S_clymene,119,PMC_6_A51,Delphinus
0.137,0.319,0.04,0.011,0.075,0.252,0.166,S_attenuata,120,PMC_6_A51,Delphinus
0.268,0.064,0.064,0.063,0.212,0.173,0.156,Delphinus,121,PMC_6_A51,Delphinus
0.519,0.019,0.02,0.102,0.047,0.187,0.106,Delphinus,122,PMC_6_A51,Delphinus
0.401,0.039,0.159,0.129,0.028,0.081,0.163,Delphinus,123,PMC_6_A51,Delphinus
0.652,0.063,0.029,0.034,0.018,0.058,0.146,Delphinus,124,PMC_6_A51,Delphinus
0.068,0.11,0.092,0.105,0.412,0.114,0.099,S_frontalis,125,PMC_6_A51,Delphinus
0.188,0.065,0.012,0.047,0.062,0.578,0.048,S_longirostris,126,PMC_6_A51,Delphinus
0.051,0.243,0.009,0.007,0.143,0.301,0.246,S_longirostris,127,PMC_6_A51,Delphinus
0.477,0.137,0.045,0.059,0.083,0.067,0.132,Delphinus,128,PMC_6_A51,Delphinus
0.464,0.038,0.044,0.055,0.066,0.148,0.185,Delphinus,129,PMC_6_A51,Delphinus
0.277,0.058,0.031,0.069,0.023,0.407,0.135,S_longirostris,130,PMC_6_A51,Delphinus
0.411,0.049,0.04,0.093,0.059,0.226,0.122,Delphinus,131,PMC_6_A51,Delphinus
0.418,0.044,0.025,0.121,0.072,0.262,0.058,Delphinus,132,PMC_6_A51,Delphinus
0.614,0.011,0.012,0.049,0.016,0.25,0.048,Delphinus,133,PMC_6_A51,Delphinus
0.335,0.077,0.103,0.095,0.17,0.111,0.109,Delphinus,134,PMC_6_A51,Delphinus
0.233,0.041,0.035,0.252,0.137,0.158,0.144,S_clymene,135,PMC_6_A51,Delphinus
0.185,0.238,0.04,0.055,0.309,0.088,0.085,S_frontalis,136,PMC_6_A51,Delphinus
0.206,0.297,0.043,0.013,0.154,0.118,0.169,S_attenuata,137,PMC_6_A51,Delphinus
0.228,0.151,0.049,0.032,0.215,0.267,0.058,S_longirostris,138,PMC_6_A51,Delphinus
0.328,0.032,0.015,0.029,0.12,0.416,0.06,S_longirostris,139,PMC_6_A51,Delphinus
0.304,0.064,0.084,0.2,0.118,0.101,0.129,Delphinus,140,PMC_6_A51,Delphinus
0.401,0.044,0.023,0.155,0.071,0.142,0.164,Delphinus,141,PMC_6_A51,Delphinus
0.294,0.062,0.036,0.051,0.166,0.323,0.068,S_longirostris,142,PMC_6_A51,Delphinus
0.315,0.039,0.03,0.055,0.021,0.418,0.122,S_longirostris,143,PMC_6_A51,Delphinus
0.362,0.046,0.023,0.155,0.083,0.137,0.194,Delphinus,144,PMC_6_A51,Delphinus
0.548,0.063,0.088,0.092,0.039,0.077,0.093,Delphinus,145,PMC_6_A51,Delphinus
0.195,0.152,0.022,0.04,0.157,0.219,0.215,S_longirostris,146,PMC_6_A51,Delphinus
0.205,0.097,0.028,0.048,0.016,0.314,0.292,S_longirostris,147,PMC_6_A51,Delphinus
0.14,0.144,0.004,0.059,0.015,0.222,0.416,T_truncatus,148,PMC_6_A51,Delphinus
0.157,0.172,0.028,0.09,0.127,0.163,0.263,T_truncatus,149,PMC_6_A51,Delphinus
0.144,0.04,0.019,0.043,0.027,0.644,0.083,S_longirostris,150,PMC_6_A51,Delphinus
0.169,0.046,0.01,0.048,0.047,0.618,0.062,S_longirostris,151,PMC_6_A51,Delphinus
0.101,0.087,0.002,0.454,0.154,0.084,0.118,S_clymene,152,PMC_6_A51,Delphinus
0.468,0.11,0.072,0.055,0.111,0.087,0.097,Delphinus,153,PMC_6_A51,Delphinus
0.328,0.062,0.111,0.059,0.162,0.156,0.122,Delphinus,154,PMC_6_A51,Delphinus
0.258,0.199,0.007,0.06,0.152,0.229,0.095,Delphinus,155,PMC_6_A51,Delphinus
0.641,0.05,0.048,0.037,0.062,0.065,0.097,Delphinus,156,PMC_6_A51,Delphinus
0.411,0.126,0.02,0.093,0.032,0.073,0.245,Delphinus,3734,PMC_6_A51,Delphinus
0.174,0.059,0.011,0.044,0.05,0.603,0.059,S_longirostris,3735,PMC_6_A51,Delphinus
0.416,0.098,0.037,0.075,0.095,0.117,0.162,Delphinus,3736,PMC_6_A51,Delphinus
0.128,0.123,0.034,0.083,0.044,0.475,0.113,S_longirostris,3737,PMC_6_A51,Delphinus
0.262,0.113,0.008,0.189,0.164,0.094,0.17,Delphinus,3738,PMC_6_A51,Delphinus
0.241,0.287,0.037,0.015,0.279,0.083,0.058,S_attenuata,3739,PMC_6_A51,Delphinus
0.488,0.059,0.096,0.127,0.028,0.082,0.12,Delphinus,3740,PMC_6_A51,Delphinus
0.385,0.048,0.045,0.015,0.314,0.124,0.069,Delphinus,3741,PMC_6_A51,Delphinus
0.255,0.077,0.031,0.165,0.143,0.137,0.192,Delphinus,3742,PMC_6_A51,Delphinus
0.156,0.123,0.008,0.013,0.092,0.434,0.174,S_longirostris,3743,PMC_6_A51,Delphinus
0.292,0.085,0.056,0.232,0.196,0.052,0.087,Delphinus,157,PMC_9_A102,Delphinus
0.41,0.145,0.01,0.021,0.011,0.065,0.338,Delphinus,158,PMC_9_A102,Delphinus
0.37,0.064,0.065,0.036,0.12,0.199,0.146,Delphinus,159,PMC_9_A102,Delphinus
0.191,0.143,0.013,0.14,0.06,0.222,0.231,T_truncatus,160,PMC_9_A102,Delphinus
0.241,0.12,0.016,0.11,0.034,0.208,0.271,T_truncatus,161,PMC_9_A102,Delphinus
0.069,0.174,0.006,0.286,0.033,0.187,0.245,S_clymene,162,PMC_9_A102,Delphinus
0.414,0.148,0.026,0.004,0.346,0.042,0.02,Delphinus,163,PMC_9_A102,Delphinus
0.211,0.09,0.017,0.255,0.083,0.046,0.298,T_truncatus,164,PMC_9_A102,Delphinus
0.155,0.209,0.015,0.129,0.173,0.163,0.156,S_attenuata,165,PMC_9_A102,Delphinus
0.461,0.087,0.026,0.016,0.167,0.153,0.09,Delphinus,166,PMC_9_A102,Delphinus
0.207,0.08,0.054,0.107,0.122,0.341,0.089,S_longirostris,167,PMC_9_A102,Delphinus
0.564,0.021,0.055,0.033,0.196,0.109,0.022,Delphinus,168,PMC_9_A102,Delphinus
0.433,0.022,0.178,0.143,0.022,0.045,0.157,Delphinus,169,PMC_9_A102,Delphinus
0.639,0.041,0.078,0.042,0.035,0.055,0.11,Delphinus,170,PMC_9_A102,Delphinus
0.223,0.362,0.005,0.035,0.019,0.07,0.286,S_attenuata,171,PMC_9_A102,Delphinus
0.463,0.064,0.058,0.105,0.044,0.167,0.099,Delphinus,172,PMC_9_A102,Delphinus
0.041,0.269,0.002,0.272,0.017,0.156,0.243,S_clymene,173,PMC_9_A102,Delphinus
0.454,0.083,0.104,0.038,0.129,0.084,0.108,Delphinus,174,PMC_9_A102,Delphinus
0.438,0.091,0.046,0.134,0.057,0.141,0.093,Delphinus,175,PMC_9_A102,Delphinus
0.167,0.175,0.021,0.188,0.187,0.031,0.231,T_truncatus,176,PMC_9_A102,Delphinus
0.132,0.185,0.011,0.35,0.139,0.08,0.103,S_clymene,177,PMC_9_A102,Delphinus
0.305,0.074,0.238,0.019,0.15,0.135,0.079,Delphinus,178,PMC_9_A102,Delphinus
0.146,0.167,0.048,0.257,0.091,0.128,0.163,S_clymene,179,PMC_9_A102,Delphinus
0.229,0.071,0.027,0.171,0.233,0.081,0.188,S_frontalis,180,PMC_9_A102,Delphinus
0.227,0.187,0.011,0.033,0.118,0.329,0.095,S_longirostris,181,PMC_9_A102,Delphinus
0.11,0.133,0.042,0.325,0.113,0.032,0.245,S_clymene,182,PMC_9_A102,Delphinus
0.409,0.027,0.025,0.103,0.047,0.351,0.038,Delphinus,183,PMC_9_A102,Delphinus
0.185,0.151,0.033,0.094,0.073,0.211,0.253,T_truncatus,184,PMC_9_A102,Delphinus
0.082,0.469,0.015,0.083,0.232,0.053,0.066,S_attenuata,185,PMC_9_A102,Delphinus
0.537,0.013,0.031,0.112,0.05,0.198,0.059,Delphinus,186,PMC_9_A102,Delphinus
0.36,0.031,0.027,0.098,0.039,0.274,0.171,Delphinus,187,PMC_9_A102,Delphinus
0.026,0.198,0.001,0.031,0.031,0.575,0.138,S_longirostris,188,PMC_9_A102,Delphinus
0.396,0.051,0.116,0.047,0.083,0.189,0.118,Delphinus,189,PMC_9_A102,Delphinus
0.48,0.023,0.034,0.035,0.041,0.287,0.1,Delphinus,190,PMC_9_A102,Delphinus
0.271,0.05,0.023,0.151,0.072,0.273,0.16,S_longirostris,191,PMC_9_A102,Delphinus
0.3,0.03,0.267,0.21,0.045,0.036,0.112,Delphinus,192,PMC_9_A102,Delphinus
0.394,0.025,0.019,0.289,0.056,0.089,0.128,Delphinus,193,PMC_9_A102,Delphinus
0.448,0.046,0.082,0.033,0.146,0.216,0.029,Delphinus,194,PMC_9_A102,Delphinus
0.456,0.053,0.077,0.074,0.051,0.163,0.126,Delphinus,195,PMC_9_A102,Delphinus
0.374,0.037,0.051,0.173,0.043,0.2,0.122,Delphinus,196,PMC_9_A102,Delphinus
0.159,0.313,0.011,0.025,0.025,0.087,0.38,T_truncatus,3744,PMC_9_A102,Delphinus
0.833,0.015,0.012,0.011,0.056,0.055,0.018,Delphinus,3745,PMC_9_A102,Delphinus
0.195,0.133,0.21,0.062,0.23,0.044,0.126,S_frontalis,3746,PMC_9_A102,Delphinus
0.507,0.033,0.116,0.14,0.056,0.057,0.091,Delphinus,3747,PMC_9_A102,Delphinus
0.265,0.133,0.067,0.017,0.332,0.137,0.049,S_frontalis,3748,PMC_9_A102,Delphinus
0.169,0.084,0.012,0.041,0.018,0.034,0.642,T_truncatus,3749,PMC_9_A102,Delphinus
0.047,0.402,0.042,0.137,0.123,0.143,0.106,S_attenuata,3750,PMC_9_A102,Delphinus
0.039,0.422,0.01,0.17,0.072,0.138,0.149,S_attenuata,3751,PMC_9_A102,Delphinus
0.492,0.035,0.081,0.066,0.117,0.158,0.051,Delphinus,3752,PMC_9_A102,Delphinus
0.626,0.011,0.022,0.064,0.021,0.231,0.025,Delphinus,3753,PMC_9_A102,Delphinus
0.018,0.36,0.007,0.136,0.18,0.123,0.176,S_attenuata,197,Per_02_A05,S_attenuata
0.026,0.031,0.005,0.192,0.04,0.666,0.04,S_longirostris,198,Per_02_A05,S_attenuata
0.076,0.16,0.008,0.13,0.009,0.389,0.228,S_longirostris,199,Per_02_A05,S_attenuata
0.082,0.007,0.793,0.021,0.038,0.017,0.042,S_bredanensis,200,Per_02_A05,S_attenuata
0.001,0.001,0.782,0.001,0.001,0.0,0.214,S_bredanensis,201,Per_02_A05,S_attenuata
0.0,0.001,0.854,0.002,0.011,0.001,0.131,S_bredanensis,202,Per_02_A05,S_attenuata
0.153,0.2,0.012,0.202,0.076,0.177,0.18,S_clymene,203,Per_02_A05,S_attenuata
0.089,0.058,0.094,0.139,0.417,0.045,0.158,S_frontalis,204,Per_02_A05,S_attenuata
0.293,0.074,0.059,0.273,0.09,0.102,0.109,Delphinus,205,Per_02_A05,S_attenuata
0.03,0.254,0.002,0.231,0.014,0.092,0.377,T_truncatus,206,Per_02_A05,S_attenuata
0.225,0.116,0.002,0.098,0.032,0.182,0.345,T_truncatus,207,Per_02_A05,S_attenuata
0.021,0.844,0.007,0.001,0.071,0.031,0.025,S_attenuata,208,Per_02_A05,S_attenuata
0.333,0.154,0.091,0.05,0.133,0.157,0.082,Delphinus,209,Per_02_A05,S_attenuata
0.123,0.107,0.009,0.337,0.1,0.192,0.132,S_clymene,210,Per_02_A05,S_attenuata
0.023,0.458,0.001,0.084,0.007,0.305,0.122,S_attenuata,211,Per_02_A05,S_attenuata
0.205,0.07,0.017,0.094,0.076,0.218,0.32,T_truncatus,212,Per_02_A05,S_attenuata
0.055,0.457,0.019,0.005,0.278,0.073,0.113,S_attenuata,213,Per_02_A05,S_attenuata
0.22,0.227,0.046,0.097,0.125,0.163,0.122,S_attenuata,214,Per_02_A05,S_attenuata
0.098,0.12,0.028,0.157,0.076,0.454,0.067,S_longirostris,215,Per_02_A05,S_attenuata
0.065,0.197,0.038,0.006,0.348,0.049,0.297,S_frontalis,216,Per_02_A05,S_attenuata
0.106,0.145,0.019,0.012,0.161,0.294,0.263,S_longirostris,217,Per_02_A05,S_attenuata
0.07,0.306,0.032,0.23,0.174,0.086,0.102,S_attenuata,218,Per_02_A05,S_attenuata
0.04,0.194,0.035,0.001,0.437,0.097,0.196,S_frontalis,219,Per_02_A05,S_attenuata
0.288,0.129,0.064,0.014,0.272,0.156,0.077,Delphinus,220,Per_02_A05,S_attenuata
0.031,0.227,0.001,0.423,0.13,0.096,0.092,S_clymene,221,Per_02_A05,S_attenuata
0.04,0.243,0.001,0.065,0.016,0.272,0.363,T_truncatus,222,Per_02_A05,S_attenuata
0.059,0.285,0.028,0.009,0.187,0.117,0.315,T_truncatus,223,Per_02_A05,S_attenuata
0.036,0.451,0.007,0.102,0.067,0.231,0.106,S_attenuata,224,Per_02_A05,S_attenuata
0.094,0.632,0.005,0.001,0.086,0.104,0.078,S_attenuata,225,Per_02_A05,S_attenuata
0.042,0.575,0.002,0.112,0.041,0.148,0.08,S_attenuata,226,Per_02_A05,S_attenuata
0.029,0.344,0.008,0.062,0.059,0.348,0.15,S_longirostris,227,Per_02_A05,S_attenuata
0.035,0.348,0.013,0.109,0.355,0.079,0.061,S_frontalis,228,Per_02_A05,S_attenuata
0.029,0.581,0.007,0.007,0.276,0.013,0.087,S_attenuata,229,Per_02_A23,S_attenuata
0.013,0.711,0.023,0.009,0.177,0.013,0.054,S_attenuata,230,Per_02_A23,S_attenuata
0.047,0.484,0.016,0.053,0.205,0.051,0.144,S_attenuata,231,Per_02_A23,S_attenuata
0.086,0.544,0.025,0.005,0.202,0.037,0.101,S_attenuata,232,Per_02_A23,S_attenuata
0.008,0.263,0.001,0.046,0.594,0.017,0.071,S_frontalis,233,Per_02_A23,S_attenuata
0.082,0.318,0.054,0.057,0.234,0.059,0.196,S_attenuata,234,Per_02_A23,S_attenuata
0.005,0.903,0.0,0.024,0.033,0.029,0.006,S_attenuata,235,Per_02_A23,S_attenuata
0.147,0.365,0.041,0.108,0.055,0.203,0.081,S_attenuata,236,Per_02_A23,S_attenuata
0.003,0.855,0.001,0.038,0.064,0.023,0.016,S_attenuata,237,Per_02_A23,S_attenuata
0.005,0.833,0.003,0.029,0.103,0.014,0.013,S_attenuata,238,Per_02_A23,S_attenuata
0.034,0.103,0.003,0.035,0.685,0.027,0.113,S_frontalis,239,Per_02_A23,S_attenuata
0.006,0.73,0.004,0.01,0.204,0.013,0.033,S_attenuata,240,Per_02_A56,S_attenuata
0.037,0.685,0.005,0.001,0.157,0.009,0.106,S_attenuata,241,Per_02_A56,S_attenuata
0.464,0.084,0.056,0.113,0.033,0.057,0.193,Delphinus,242,Per_02_A56,S_attenuata
0.128,0.104,0.014,0.246,0.043,0.03,0.435,T_truncatus,243,Per_02_A56,S_attenuata
0.188,0.31,0.086,0.09,0.082,0.071,0.173,S_attenuata,244,PMC_12_A42,S_attenuata
0.011,0.809,0.009,0.009,0.09,0.033,0.039,S_attenuata,245,PMC_12_A42,S_attenuata
0.25,0.301,0.038,0.007,0.297,0.022,0.085,S_attenuata,246,PMC_12_A42,S_attenuata
0.099,0.237,0.005,0.359,0.045,0.105,0.15,S_clymene,247,PMC_12_A42,S_attenuata
0.272,0.048,0.162,0.118,0.198,0.065,0.137,Delphinus,248,PMC_12_A42,S_attenuata
0.124,0.379,0.065,0.134,0.058,0.099,0.141,S_attenuata,249,PMC_12_A42,S_attenuata
0.076,0.471,0.01,0.119,0.053,0.182,0.089,S_attenuata,250,PMC_12_A42,S_attenuata
0.134,0.12,0.002,0.144,0.009,0.152,0.439,T_truncatus,251,PMC_12_A42,S_attenuata
0.061,0.463,0.072,0.004,0.282,0.045,0.073,S_attenuata,252,PMC_12_A42,S_attenuata
0.157,0.239,0.047,0.005,0.328,0.033,0.191,S_frontalis,253,PMC_12_A42,S_attenuata
0.002,0.908,0.005,0.009,0.03,0.017,0.029,S_attenuata,254,PMC_12_A42,S_attenuata
0.022,0.297,0.007,0.11,0.03,0.344,0.19,S_longirostris,255,PMC_12_A42,S_attenuata
0.026,0.507,0.004,0.09,0.23,0.091,0.052,S_attenuata,256,PMC_1_A13,S_attenuata
0.016,0.49,0.015,0.005,0.358,0.0,0.116,S_attenuata,257,PMC_1_A13,S_attenuata
0.055,0.115,0.021,0.033,0.558,0.021,0.197,S_frontalis,258,PMC_1_A13,S_attenuata
0.151,0.257,0.017,0.031,0.397,0.06,0.087,S_frontalis,259,PMC_1_A13,S_attenuata
0.025,0.533,0.007,0.044,0.168,0.117,0.106,S_attenuata,260,PMC_1_A13,S_attenuata
0.029,0.427,0.006,0.134,0.271,0.074,0.059,S_attenuata,261,PMC_1_A13,S_attenuata
0.005,0.719,0.003,0.008,0.235,0.013,0.017,S_attenuata,262,PMC_1_A13,S_attenuata
0.212,0.25,0.122,0.02,0.181,0.091,0.124,S_attenuata,263,PMC_1_A13,S_attenuata
0.036,0.64,0.012,0.023,0.105,0.095,0.089,S_attenuata,264,PMC_1_A13,S_attenuata
0.008,0.804,0.0,0.012,0.122,0.037,0.017,S_attenuata,265,PMC_1_A13,S_attenuata
0.056,0.569,0.019,0.009,0.146,0.079,0.122,S_attenuata,266,PMC_1_A13,S_attenuata
0.072,0.306,0.058,0.009,0.168,0.162,0.225,S_attenuata,267,PMC_1_A13,S_attenuata
0.168,0.291,0.021,0.055,0.315,0.07,0.08,S_frontalis,268,PMC_1_A13,S_attenuata
0.27,0.089,0.01,0.027,0.007,0.068,0.529,T_truncatus,269,PMC_1_A13,S_attenuata
0.109,0.138,0.012,0.2,0.28,0.035,0.226,S_frontalis,270,PMC_1_A13,S_attenuata
0.185,0.087,0.03,0.016,0.505,0.061,0.116,S_frontalis,271,PMC_1_A48,S_attenuata
0.082,0.296,0.013,0.045,0.296,0.1,0.168,S_attenuata,272,PMC_1_A48,S_attenuata
0.375,0.082,0.079,0.056,0.289,0.044,0.075,Delphinus,273,PMC_1_A48,S_attenuata
0.209,0.152,0.095,0.119,0.299,0.035,0.091,S_frontalis,274,PMC_1_A48,S_attenuata
0.057,0.291,0.005,0.142,0.308,0.07,0.127,S_frontalis,275,PMC_1_A48,S_attenuata
0.063,0.207,0.003,0.152,0.273,0.132,0.17,S_frontalis,276,PMC_1_A48,S_attenuata
0.222,0.342,0.057,0.072,0.049,0.068,0.19,S_attenuata,277,PMC_2_A14,S_attenuata
0.066,0.278,0.024,0.066,0.085,0.325,0.156,S_longirostris,278,PMC_2_A14,S_attenuata
0.028,0.265,0.003,0.047,0.564,0.026,0.067,S_frontalis,279,PMC_2_A14,S_attenuata
0.096,0.306,0.015,0.089,0.328,0.091,0.075,S_frontalis,280,PMC_2_A14,S_attenuata
0.087,0.229,0.027,0.215,0.198,0.103,0.141,S_attenuata,281,PMC_2_A14,S_attenuata
0.074,0.227,0.026,0.141,0.117,0.118,0.297,T_truncatus,282,PMC_2_A14,S_attenuata
0.119,0.186,0.024,0.126,0.226,0.103,0.216,S_frontalis,283,PMC_2_A14,S_attenuata
0.025,0.552,0.004,0.089,0.071,0.173,0.086,S_attenuata,284,PMC_2_A14,S_attenuata
0.075,0.223,0.029,0.29,0.149,0.087,0.147,S_clymene,285,PMC_2_A14,S_attenuata
0.033,0.252,0.027,0.149,0.153,0.161,0.225,S_attenuata,286,PMC_2_A14,S_attenuata
0.106,0.253,0.047,0.085,0.236,0.055,0.218,S_attenuata,287,PMC_2_A14,S_attenuata
0.163,0.224,0.025,0.149,0.096,0.117,0.226,T_truncatus,288,PMC_2_A14,S_attenuata
0.105,0.195,0.018,0.13,0.058,0.114,0.38,T_truncatus,289,PMC_2_A14,S_attenuata
0.133,0.292,0.015,0.128,0.28,0.075,0.077,S_attenuata,290,PMC_2_A14,S_attenuata
0.086,0.246,0.025,0.166,0.27,0.129,0.078,S_frontalis,291,PMC_2_A14,S_attenuata
0.092,0.424,0.005,0.111,0.263,0.057,0.048,S_attenuata,292,PMC_2_A14,S_attenuata
0.082,0.216,0.021,0.255,0.172,0.124,0.13,S_clymene,293,PMC_2_A14,S_attenuata
0.065,0.14,0.011,0.167,0.029,0.276,0.312,T_truncatus,294,PMC_2_A14,S_attenuata
0.031,0.524,0.008,0.056,0.056,0.223,0.102,S_attenuata,295,PMC_2_A14,S_attenuata
0.092,0.13,0.012,0.292,0.29,0.039,0.145,S_clymene,296,PMC_2_A14,S_attenuata
0.054,0.485,0.004,0.061,0.127,0.202,0.067,S_attenuata,297,PMC_2_A14,S_attenuata
0.021,0.472,0.009,0.062,0.037,0.254,0.145,S_attenuata,298,PMC_2_A14,S_attenuata
0.058,0.271,0.013,0.242,0.155,0.131,0.13,S_attenuata,299,PMC_2_A14,S_attenuata
0.093,0.203,0.023,0.298,0.086,0.192,0.105,S_clymene,300,PMC_2_A14,S_attenuata
0.002,0.814,0.028,0.002,0.077,0.023,0.054,S_attenuata,301,PMC_2_A14,S_attenuata
0.221,0.271,0.14,0.001,0.194,0.092,0.081,S_attenuata,302,PMC_2_A14,S_attenuata
0.415,0.178,0.057,0.004,0.299,0.026,0.021,Delphinus,303,PMC_2_A14,S_attenuata
0.085,0.201,0.031,0.07,0.213,0.136,0.264,T_truncatus,304,PMC_2_A14,S_attenuata
0.082,0.277,0.106,0.064,0.231,0.123,0.117,S_attenuata,305,PMC_2_A14,S_attenuata
0.082,0.25,0.022,0.207,0.183,0.123,0.133,S_attenuata,306,PMC_2_A14,S_attenuata
0.085,0.222,0.01,0.273,0.135,0.152,0.123,S_clymene,307,PMC_2_A14,S_attenuata
0.135,0.25,0.059,0.083,0.153,0.083,0.237,S_attenuata,308,PMC_2_A14,S_attenuata
0.087,0.164,0.021,0.242,0.115,0.266,0.105,S_longirostris,309,PMC_2_A14,S_attenuata
0.077,0.197,0.009,0.294,0.208,0.111,0.104,S_clymene,310,PMC_2_A14,S_attenuata
0.105,0.175,0.018,0.284,0.118,0.184,0.116,S_clymene,311,PMC_2_A14,S_attenuata
0.187,0.308,0.026,0.011,0.199,0.203,0.066,S_attenuata,312,PMC_2_A14,S_attenuata
0.122,0.17,0.023,0.004,0.08,0.254,0.347,T_truncatus,313,PMC_2_A14,S_attenuata
0.237,0.067,0.048,0.061,0.339,0.121,0.127,S_frontalis,314,PMC_2_A14,S_attenuata
0.093,0.203,0.043,0.128,0.098,0.145,0.29,T_truncatus,315,PMC_4_A32,S_attenuata
0.144,0.145,0.01,0.065,0.044,0.384,0.208,S_longirostris,316,PMC_4_A32,S_attenuata
0.035,0.62,0.005,0.031,0.032,0.151,0.126,S_attenuata,317,PMC_4_A32,S_attenuata
0.269,0.22,0.016,0.137,0.1,0.131,0.127,Delphinus,318,PMC_4_A32,S_attenuata
0.328,0.062,0.079,0.185,0.157,0.076,0.113,Delphinus,319,PMC_4_A32,S_attenuata
0.095,0.092,0.01,0.179,0.376,0.012,0.236,S_frontalis,320,PMC_4_A32,S_attenuata
0.096,0.302,0.025,0.186,0.215,0.062,0.114,S_attenuata,321,PMC_4_A32,S_attenuata
0.096,0.179,0.04,0.074,0.378,0.16,0.073,S_frontalis,322,PMC_4_A32,S_attenuata
0.059,0.24,0.033,0.002,0.352,0.054,0.26,S_frontalis,323,PMC_4_A32,S_attenuata
0.062,0.156,0.006,0.151,0.029,0.289,0.307,T_truncatus,324,PMC_4_A32,S_attenuata
0.032,0.442,0.005,0.098,0.127,0.183,0.113,S_attenuata,325,PMC_4_A32,S_attenuata
0.047,0.183,0.042,0.003,0.348,0.022,0.355,T_truncatus,326,PMC_4_A32,S_attenuata
0.048,0.256,0.002,0.167,0.015,0.182,0.33,T_truncatus,327,PMC_4_A32,S_attenuata
0.079,0.093,0.01,0.387,0.275,0.021,0.135,S_clymene,328,PMC_4_A32,S_attenuata
0.044,0.501,0.006,0.104,0.115,0.1,0.13,S_attenuata,329,PMC_4_A32,S_attenuata
0.026,0.263,0.006,0.246,0.072,0.128,0.259,S_attenuata,330,PMC_4_A32,S_attenuata
0.019,0.759,0.009,0.037,0.078,0.041,0.057,S_attenuata,331,PMC_4_A32,S_attenuata
0.004,0.897,0.0,0.018,0.043,0.027,0.011,S_attenuata,332,PMC_8_A101,S_attenuata
0.062,0.055,0.01,0.339,0.149,0.32,0.065,S_clymene,333,PMC_8_A58,S_attenuata
0.402,0.022,0.009,0.008,0.02,0.016,0.523,T_truncatus,334,PMC_8_A58,S_attenuata
0.005,0.845,0.002,0.019,0.059,0.027,0.043,S_attenuata,335,PMC_8_A58,S_attenuata
0.036,0.393,0.001,0.157,0.02,0.126,0.267,S_attenuata,336,PMC_8_A58,S_attenuata
0.115,0.164,0.005,0.144,0.033,0.087,0.452,T_truncatus,337,PMC_8_A58,S_attenuata
0.148,0.167,0.018,0.131,0.042,0.318,0.176,S_longirostris,338,PMC_8_A58,S_attenuata
0.059,0.357,0.005,0.057,0.029,0.367,0.126,S_longirostris,339,PMC_8_A58,S_attenuata
0.252,0.049,0.057,0.015,0.205,0.233,0.189,Delphinus,340,PMC_8_A58,S_attenuata
0.201,0.063,0.009,0.008,0.2,0.341,0.178,S_longirostris,341,PMC_8_A58,S_attenuata
0.069,0.307,0.028,0.001,0.067,0.219,0.309,T_truncatus,342,PMC_8_A58,S_attenuata
0.044,0.15,0.004,0.175,0.047,0.334,0.246,S_longirostris,343,PMC_8_A58,S_attenuata
0.061,0.171,0.021,0.291,0.072,0.059,0.325,T_truncatus,344,PMC_8_A58,S_attenuata
0.11,0.21,0.029,0.02,0.37,0.144,0.117,S_frontalis,345,PMC_8_A58,S_attenuata
0.042,0.576,0.013,0.049,0.244,0.034,0.042,S_attenuata,346,PMC_8_A58,S_attenuata
0.081,0.347,0.001,0.014,0.051,0.325,0.181,S_attenuata,347,PMC_8_A58,S_attenuata
0.042,0.328,0.005,0.067,0.046,0.306,0.206,S_attenuata,348,PMC_8_A58,S_attenuata
0.099,0.38,0.004,0.049,0.119,0.274,0.075,S_attenuata,349,PMC_8_A58,S_attenuata
0.104,0.197,0.003,0.264,0.253,0.026,0.153,S_clymene,350,PMC_8_A58,S_attenuata
0.08,0.358,0.005,0.115,0.12,0.192,0.13,S_attenuata,351,PMC_8_A58,S_attenuata
0.193,0.311,0.092,0.111,0.087,0.087,0.119,S_attenuata,352,PMC_8_A58,S_attenuata
0.075,0.577,0.011,0.052,0.186,0.057,0.042,S_attenuata,353,PMC_8_A58,S_attenuata
0.345,0.061,0.082,0.008,0.067,0.274,0.163,Delphinus,354,PMC_8_A58,S_attenuata
0.042,0.376,0.001,0.161,0.081,0.221,0.118,S_attenuata,355,PMC_8_A58,S_attenuata
0.027,0.332,0.013,0.068,0.037,0.398,0.125,S_longirostris,356,PMC_8_A58,S_attenuata
0.106,0.074,0.019,0.044,0.087,0.542,0.128,S_longirostris,357,PMC_8_A58,S_attenuata
0.034,0.422,0.0,0.224,0.032,0.182,0.106,S_attenuata,358,PMC_8_A58,S_attenuata
0.021,0.386,0.012,0.049,0.043,0.415,0.074,S_longirostris,359,PMC_8_A58,S_attenuata
0.055,0.544,0.007,0.012,0.063,0.184,0.135,S_attenuata,360,PMC_8_A58,S_attenuata
0.064,0.458,0.01,0.162,0.104,0.148,0.054,S_attenuata,361,PMC_8_A58,S_attenuata
0.034,0.413,0.012,0.146,0.196,0.116,0.083,S_attenuata,362,PMC_8_A58,S_attenuata
0.102,0.459,0.001,0.086,0.153,0.134,0.065,S_attenuata,363,PMC_8_A58,S_attenuata
0.048,0.051,0.001,0.043,0.021,0.767,0.069,S_longirostris,364,PMC_8_A58,S_attenuata
0.142,0.226,0.035,0.183,0.063,0.117,0.234,T_truncatus,365,PMC_8_A58,S_attenuata
0.096,0.419,0.002,0.015,0.079,0.297,0.092,S_attenuata,366,PMC_8_A58,S_attenuata
0.044,0.361,0.001,0.282,0.155,0.121,0.036,S_attenuata,367,PMC_8_A58,S_attenuata
0.029,0.312,0.007,0.05,0.052,0.452,0.098,S_longirostris,368,PMC_8_A58,S_attenuata
0.331,0.036,0.048,0.025,0.128,0.317,0.115,Delphinus,369,PMC_8_A58,S_attenuata
0.051,0.23,0.022,0.038,0.041,0.493,0.125,S_longirostris,370,PMC_8_A58,S_attenuata
0.056,0.263,0.002,0.206,0.314,0.067,0.092,S_frontalis,371,PMC_8_A58,S_attenuata
0.05,0.212,0.008,0.044,0.04,0.485,0.161,S_longirostris,372,PMC_8_A58,S_attenuata
0.001,0.941,0.003,0.006,0.02,0.007,0.022,S_attenuata,373,PMC_8_A58,S_attenuata
0.329,0.047,0.167,0.02,0.258,0.096,0.083,Delphinus,374,PMC_8_A58,S_attenuata
0.462,0.03,0.069,0.147,0.124,0.074,0.094,Delphinus,375,PMC_8_A58,S_attenuata
0.018,0.039,0.003,0.41,0.033,0.339,0.158,S_clymene,376,PMC_8_A58,S_attenuata
0.135,0.214,0.019,0.162,0.137,0.211,0.122,S_attenuata,377,PMC_8_A58,S_attenuata
0.046,0.134,0.012,0.23,0.039,0.328,0.211,S_longirostris,378,PMC_8_A58,S_attenuata
0.034,0.566,0.005,0.16,0.032,0.089,0.114,S_attenuata,379,PMC_8_A58,S_attenuata
0.017,0.45,0.008,0.051,0.037,0.318,0.119,S_attenuata,380,PMC_8_A58,S_attenuata
0.149,0.129,0.009,0.003,0.05,0.276,0.384,T_truncatus,381,PMC_8_A58,S_attenuata
0.027,0.341,0.011,0.052,0.047,0.431,0.091,S_longirostris,382,PMC_8_A58,S_attenuata
0.031,0.5,0.005,0.107,0.016,0.191,0.15,S_attenuata,383,PMC_8_A69,S_attenuata
0.028,0.283,0.001,0.235,0.031,0.194,0.228,S_attenuata,384,PMC_8_A69,S_attenuata
0.033,0.389,0.003,0.175,0.036,0.146,0.218,S_attenuata,385,PMC_8_A69,S_attenuata
0.111,0.139,0.004,0.012,0.069,0.484,0.181,S_longirostris,386,PMC_8_A69,S_attenuata
0.022,0.347,0.001,0.126,0.438,0.016,0.05,S_frontalis,387,PMC_8_A69,S_attenuata
0.043,0.325,0.0,0.068,0.327,0.091,0.146,S_frontalis,388,PMC_8_A69,S_attenuata
0.023,0.34,0.002,0.216,0.008,0.236,0.175,S_attenuata,389,PMC_8_A69,S_attenuata
0.041,0.52,0.003,0.092,0.102,0.167,0.075,S_attenuata,390,PMC_8_A69,S_attenuata
0.011,0.894,0.006,0.003,0.057,0.013,0.016,S_attenuata,391,PMC_8_A69,S_attenuata
0.164,0.091,0.019,0.041,0.499,0.075,0.111,S_frontalis,392,PMC_9_A83,S_attenuata
0.43,0.105,0.046,0.061,0.08,0.125,0.153,Delphinus,393,PMC_9_A83,S_attenuata
0.024,0.483,0.003,0.227,0.047,0.062,0.154,S_attenuata,394,PMC_9_A83,S_attenuata
0.316,0.024,0.091,0.035,0.336,0.138,0.06,S_frontalis,395,PMC_9_A83,S_attenuata
0.073,0.058,0.065,0.025,0.302,0.178,0.299,S_frontalis,396,PMC_9_A83,S_attenuata
0.068,0.254,0.005,0.085,0.172,0.252,0.164,S_attenuata,397,PMC_9_A83,S_attenuata
0.046,0.121,0.005,0.207,0.127,0.153,0.341,T_truncatus,398,PMC_9_A83,S_attenuata
0.285,0.036,0.013,0.076,0.105,0.206,0.279,Delphinus,399,PMC_9_A83,S_attenuata
0.253,0.083,0.024,0.078,0.034,0.047,0.481,T_truncatus,400,PMC_T12_A01,S_attenuata
0.041,0.085,0.011,0.545,0.143,0.064,0.111,S_clymene,401,PMC_T12_A01,S_attenuata
0.024,0.358,0.01,0.074,0.265,0.104,0.165,S_attenuata,402,PMC_T12_A01,S_attenuata
0.294,0.069,0.084,0.315,0.078,0.102,0.058,S_clymene,403,PMC_T12_A01,S_attenuata
0.052,0.156,0.023,0.026,0.528,0.09,0.125,S_frontalis,404,PMC_T12_A01,S_attenuata
0.162,0.075,0.04,0.179,0.095,0.172,0.277,T_truncatus,405,PMC_T12_A01,S_attenuata
0.247,0.259,0.019,0.122,0.039,0.098,0.216,S_attenuata,406,PMC_T12_A01,S_attenuata
0.031,0.237,0.003,0.314,0.276,0.04,0.099,S_clymene,407,PMC_T12_A01,S_attenuata
0.022,0.483,0.005,0.073,0.035,0.265,0.117,S_attenuata,408,PMC_T12_A01,S_attenuata
0.015,0.023,0.003,0.672,0.028,0.104,0.155,S_clymene,409,PMC_T12_A01,S_attenuata
0.151,0.062,0.076,0.101,0.065,0.191,0.354,T_truncatus,410,PMC_T12_A01,S_attenuata
0.383,0.265,0.01,0.019,0.196,0.09,0.037,Delphinus,411,PMC_T12_A01,S_attenuata
0.036,0.292,0.003,0.299,0.254,0.042,0.074,S_clymene,412,PMC_T12_A01,S_attenuata
0.008,0.9,0.0,0.024,0.014,0.02,0.034,S_attenuata,413,PMC_T12_A01,S_attenuata
0.051,0.234,0.013,0.167,0.042,0.161,0.332,T_truncatus,414,PMC_T12_A01,S_attenuata
0.302,0.04,0.08,0.394,0.043,0.054,0.087,S_clymene,415,PMC_T12_A01,S_attenuata
0.331,0.044,0.047,0.267,0.059,0.113,0.139,Delphinus,416,PMC_T12_A01,S_attenuata
0.227,0.018,0.018,0.058,0.195,0.329,0.155,S_longirostris,417,PMC_T12_A01,S_attenuata
0.323,0.03,0.074,0.068,0.12,0.225,0.16,Delphinus,418,PMC_T12_A01,S_attenuata
0.219,0.025,0.054,0.402,0.127,0.067,0.106,S_clymene,419,PMC_T12_A01,S_attenuata
0.135,0.179,0.072,0.037,0.387,0.021,0.169,S_frontalis,420,PMC_T12_A01,S_attenuata
0.283,0.113,0.078,0.003,0.376,0.083,0.064,S_frontalis,421,PMC_T12_A01,S_attenuata
0.033,0.021,0.008,0.359,0.051,0.417,0.111,S_longirostris,422,PMC_T12_A01,S_attenuata
0.079,0.446,0.007,0.102,0.182,0.093,0.091,S_attenuata,423,PMC_T12_A01,S_attenuata
0.036,0.316,0.003,0.198,0.252,0.045,0.15,S_attenuata,424,PMC_T12_A01,S_attenuata
0.048,0.274,0.007,0.113,0.463,0.012,0.083,S_frontalis,425,PMC_T12_A01,S_attenuata
0.034,0.481,0.006,0.146,0.266,0.027,0.04,S_attenuata,426,PMC_T12_A01,S_attenuata
0.094,0.552,0.022,0.052,0.183,0.059,0.038,S_attenuata,427,PMC_T12_A01,S_attenuata
0.052,0.484,0.004,0.131,0.222,0.044,0.063,S_attenuata,428,PMC_T12_A01,S_attenuata
0.033,0.157,0.012,0.301,0.292,0.04,0.165,S_clymene,429,PMC_T12_A01,S_attenuata
0.064,0.196,0.008,0.175,0.246,0.059,0.252,T_truncatus,430,PMC_T12_A01,S_attenuata
0.538,0.016,0.023,0.099,0.044,0.123,0.157,Delphinus,431,PMC_T12_A01,S_attenuata
0.076,0.178,0.006,0.072,0.082,0.512,0.074,S_longirostris,432,PMC_T12_A01,S_attenuata
0.004,0.949,0.002,0.019,0.011,0.005,0.01,S_attenuata,433,PMC_T12_A01,S_attenuata
0.048,0.508,0.002,0.163,0.117,0.056,0.106,S_attenuata,434,PMC_T12_A01,S_attenuata
0.082,0.541,0.009,0.06,0.239,0.043,0.026,S_attenuata,435,PMC_T12_A01,S_attenuata
0.266,0.116,0.025,0.083,0.033,0.093,0.384,T_truncatus,436,PMC_T12_A01,S_attenuata
0.057,0.001,0.759,0.039,0.014,0.017,0.113,S_bredanensis,437,PMC_T12_A01,S_attenuata
0.231,0.06,0.095,0.269,0.106,0.116,0.123,S_clymene,438,PMC_T12_A01,S_attenuata
0.138,0.079,0.078,0.314,0.145,0.161,0.085,S_clymene,439,PMC_T12_A01,S_attenuata
0.193,0.033,0.273,0.212,0.064,0.084,0.141,S_bredanensis,440,PMC_T12_A01,S_attenuata
0.174,0.077,0.203,0.131,0.159,0.056,0.2,S_bredanensis,441,PMC_T12_A01,S_attenuata
0.607,0.12,0.044,0.026,0.084,0.084,0.035,Delphinus,442,PMC_T12_A01,S_attenuata
0.213,0.177,0.074,0.024,0.351,0.076,0.085,S_frontalis,443,PMC_T12_A01,S_attenuata
0.181,0.068,0.134,0.146,0.154,0.202,0.115,S_longirostris,444,PMC_T12_A01,S_attenuata
0.194,0.119,0.121,0.057,0.254,0.173,0.082,S_frontalis,445,PMC_T12_A01,S_attenuata
0.06,0.406,0.005,0.178,0.246,0.037,0.068,S_attenuata,446,PMC_T12_A01,S_attenuata
0.018,0.513,0.004,0.098,0.291,0.027,0.049,S_attenuata,447,PMC_T12_A01,S_attenuata
0.044,0.299,0.009,0.196,0.316,0.05,0.086,S_frontalis,448,PMC_T12_A01,S_attenuata
0.159,0.126,0.024,0.044,0.041,0.121,0.485,T_truncatus,449,PMC_T12_A01,S_attenuata
0.115,0.479,0.013,0.019,0.066,0.174,0.134,S_attenuata,3688,Per_01_A24,S_attenuata
0.062,0.298,0.004,0.298,0.21,0.063,0.065,S_attenuata,3689,Per_01_A24,S_attenuata
0.039,0.408,0.007,0.056,0.273,0.109,0.108,S_attenuata,3690,Per_01_A24,S_attenuata
0.048,0.073,0.006,0.01,0.03,0.521,0.312,S_longirostris,3691,Per_01_A24,S_attenuata
0.059,0.197,0.012,0.102,0.432,0.038,0.16,S_frontalis,3692,Per_01_A24,S_attenuata
0.15,0.113,0.008,0.37,0.141,0.155,0.063,S_clymene,3693,Per_01_A24,S_attenuata
0.048,0.316,0.005,0.076,0.294,0.147,0.114,S_attenuata,3694,Per_01_A24,S_attenuata
0.194,0.062,0.057,0.139,0.232,0.118,0.198,S_frontalis,3695,Per_01_A24,S_attenuata
0.082,0.147,0.006,0.055,0.247,0.412,0.051,S_longirostris,3696,Per_01_A25,S_attenuata
0.048,0.111,0.031,0.021,0.526,0.169,0.094,S_frontalis,3697,Per_01_A25,S_attenuata
0.036,0.047,0.001,0.716,0.112,0.038,0.05,S_clymene,3698,Per_01_A25,S_attenuata
0.06,0.665,0.012,0.003,0.167,0.02,0.073,S_attenuata,3699,Per_01_A25,S_attenuata
0.018,0.557,0.017,0.001,0.298,0.044,0.065,S_attenuata,3700,Per_01_A25,S_attenuata
0.021,0.306,0.088,0.001,0.417,0.015,0.152,S_frontalis,3701,Per_01_A25,S_attenuata
0.173,0.09,0.017,0.075,0.054,0.298,0.293,S_longirostris,3702,Per_01_A25,S_attenuata
0.42,0.186,0.053,0.057,0.197,0.029,0.058,Delphinus,3703,Per_01_A25,S_attenuata
0.061,0.217,0.014,0.001,0.55,0.056,0.101,S_frontalis,3704,Per_01_A25,S_attenuata
0.376,0.069,0.209,0.017,0.074,0.187,0.068,Delphinus,3705,Per_01_A25,S_attenuata
0.018,0.292,0.153,0.001,0.313,0.019,0.204,S_frontalis,3706,Per_01_A25,S_attenuata
0.074,0.48,0.049,0.001,0.246,0.024,0.126,S_attenuata,3707,Per_01_A25,S_attenuata
0.043,0.424,0.009,0.077,0.285,0.099,0.063,S_attenuata,3708,Per_01_A25,S_attenuata
0.018,0.765,0.002,0.001,0.135,0.055,0.024,S_attenuata,3709,Per_01_A25,S_attenuata
