Delphinus_LOGO_IND,S_attenuata_LOGO_IND,S_bredanensis_LOGO_IND,S_clymene_LOGO_IND,S_frontalis_LOGO_IND,S_longirostris_LOGO_IND,T_truncatus_LOGO_IND,Species_Classification,UID,EncounterNumber,KnownSpecies
0.29508016541837667,0.06236419292962898,0.026361745519290252,0.3822120710133709,0.0903048948111871,0.02564024413926526,0.11803668616888127,S_clymene,0,PMC_12_A15,Delphinus
0.18949566666438494,0.08292302999050682,0.03237116221753933,0.27710949064734347,0.14869132244519512,0.05992647419999765,0.20948285383503293,S_clymene,1,PMC_12_A15,Delphinus
0.09527077157759041,0.10010649704027193,0.01446197206162797,0.35417052485912803,0.20832769968801246,0.06281044806632824,0.1648520867070413,S_clymene,2,PMC_12_A15,Delphinus
0.5444174809188422,0.07436775792142929,0.03924900190077029,0.04143585489981806,0.04506038648052581,0.04557841949230059,0.20989109838631387,Delphinus,3,PMC_12_A15,Delphinus
0.24874131232518035,0.15697618301840402,0.020729203629364472,0.05076659643614714,0.03693854448709748,0.24714189541706955,0.23870626468673706,Delphinus,4,PMC_12_A15,Delphinus
0.7406073640273845,0.04819787842081022,0.012721214192545717,0.008852713065836479,0.07098810838374933,0.08059748290339806,0.038035239006275416,Delphinus,5,PMC_12_A15,Delphinus
0.21439320417280003,0.08003946257459446,0.023987642454981348,0.39714674628257274,0.12763145756204902,0.03388700668644135,0.1229144802665612,S_clymene,6,PMC_12_A15,Delphinus
0.3396315808065047,0.12791558302222503,0.03370632701374661,0.0978646140107329,0.04373310032163944,0.10208560984838991,0.2550631849767617,Delphinus,7,PMC_12_A15,Delphinus
0.4990712216967641,0.21270072140172003,0.02114691958289719,0.0362800010153727,0.02894757280026952,0.04967803608288927,0.15217552742008744,Delphinus,8,PMC_12_A15,Delphinus
0.10703636467789084,0.1790096975467468,0.037531500331768955,0.08401894785721681,0.05048067718299972,0.18351932348792724,0.3584034889154501,T_truncatus,9,PMC_12_A15,Delphinus
0.2541026173939775,0.1323231129237995,0.019856594581881555,0.07758676868511816,0.034537025467164854,0.22773816680177583,0.2538557141462828,Delphinus,10,PMC_12_A15,Delphinus
0.561089765639159,0.04792442885381472,0.024799912180857798,0.015057442258450977,0.032456482303395075,0.2813990225076457,0.03727294625667642,Delphinus,11,PMC_12_A15,Delphinus
0.6891354780373014,0.03961136716085849,0.018366082253594245,0.010568821130231805,0.040036690875310095,0.17500695870409752,0.02727460183860605,Delphinus,12,PMC_12_A15,Delphinus
0.5305103657436766,0.022413359334565564,0.0236851001966202,0.01730146310076019,0.03720197737792103,0.33321447801592174,0.035673256230534724,Delphinus,13,PMC_12_A15,Delphinus
0.18631488650169936,0.13349333859338522,0.026947900738918375,0.0885555058488903,0.043780485315144974,0.13098323305362758,0.3899246499483345,T_truncatus,14,PMC_12_A15,Delphinus
0.27971562035531783,0.3732615964967554,0.044231658447544925,0.09294085950114606,0.10179206399850715,0.04424892373182312,0.06380927746890565,S_attenuata,15,PMC_12_A15,Delphinus
0.4607324540272203,0.21349691277666216,0.05257386567460617,0.03972706520472997,0.07102539751359385,0.06318885836559607,0.09925544643759142,Delphinus,16,PMC_12_A33,Delphinus
0.33863029815770007,0.04629020994751068,0.017524080569976078,0.07472541512704722,0.04541519201810096,0.18638474639940614,0.2910300577802588,Delphinus,17,PMC_12_A33,Delphinus
0.4812839260903555,0.02799220693456244,0.008964731644868067,0.02053498494181513,0.025396145072360318,0.2977249234813978,0.13810308183464096,Delphinus,18,PMC_12_A33,Delphinus
0.30759817728223937,0.08547022681032226,0.10213420083505538,0.030888390190513197,0.1764644027361863,0.1816222429222831,0.11582235922340035,Delphinus,19,PMC_12_A33,Delphinus
0.367127721515051,0.17270577793559358,0.028177235076000454,0.14580624797474262,0.14330905459694182,0.060425285342945834,0.0824486775587248,Delphinus,20,PMC_12_A33,Delphinus
0.35184695877566485,0.06997747647268407,0.08156371186076763,0.03291960295788064,0.1562263541038602,0.2061958985938535,0.10126999723528898,Delphinus,21,PMC_12_A33,Delphinus
0.3826920594807804,0.07538777866862549,0.05279375805175807,0.030179012159036123,0.1128816960460415,0.2488050270990742,0.09726066849468401,Delphinus,22,PMC_12_A33,Delphinus
0.022230612654491923,0.1660308643101817,0.011030665576512007,0.04420438469587954,0.43523453564541814,0.14380860262020123,0.17746033449731569,S_frontalis,23,PMC_12_A33,Delphinus
0.14160139119574713,0.11417542723014039,0.08562054678906904,0.03277939651726135,0.3194552598152854,0.14882546825938425,0.15754251019311258,S_frontalis,24,PMC_12_A33,Delphinus
0.029333333333333333,0.18782897102897103,0.41776666666666673,0.026643356643356642,0.1405934065934066,0.010777272727272727,0.187056993006993,S_bredanensis,25,PMC_12_A33,Delphinus
0.002,0.05205,0.6444586050303391,0.09860123565754635,0.092,0.002,0.10889015931211456,S_bredanensis,26,PMC_12_A33,Delphinus
0.0,0.033224228675136115,0.7826212118742008,0.10120123565754634,0.026,0.011052631578947368,0.045900692214169474,S_bredanensis,27,PMC_12_A33,Delphinus
0.08363366289829147,0.11446685246517242,0.03645310525939854,0.014906825988851874,0.5274052736319451,0.14562131183190113,0.07751296792443978,S_frontalis,28,PMC_12_A33,Delphinus
0.25799237377437273,0.13714650857758914,0.11673129325428314,0.05201928755044811,0.0830657599724442,0.12607118645642626,0.22697359041443665,Delphinus,29,PMC_12_A33,Delphinus
0.09484537213388057,0.13051806333506924,0.05939261095233017,0.01221694820200703,0.38212072713029555,0.20943291894848629,0.11147335929793144,S_frontalis,30,PMC_12_A33,Delphinus
0.0010555555555555557,0.29060330274921015,0.6537484782991555,0.0104,0.018833333333333334,0.0007470760233918127,0.024612254039353704,S_bredanensis,31,PMC_12_A33,Delphinus
0.00038101550270161087,0.02068550135501355,0.6596921550191167,0.049753582790486285,0.1489683991482772,0.025570629029271662,0.09494871715513299,S_bredanensis,32,PMC_12_A33,Delphinus
0.11111898057006515,0.14744787131047218,0.049570858159338343,0.1259199310485431,0.4005495031818603,0.06590171647103048,0.09949113925869066,S_frontalis,33,PMC_12_A33,Delphinus
0.10961049477191442,0.2622704184573239,0.1344969700435292,0.017538919211738502,0.3009920892864892,0.07484523925799101,0.10024586897101373,S_frontalis,34,PMC_12_A33,Delphinus
0.14777811986328052,0.1167299633466721,0.07667726814658385,0.1631042884608501,0.33167813715349287,0.06360751375282356,0.1004247092762971,S_frontalis,35,PMC_12_A33,Delphinus
0.13721490633351527,0.1281244656315492,0.0625246298869591,0.13235079390460794,0.334887284534382,0.07060429727329971,0.1342936224356869,S_frontalis,36,PMC_12_A33,Delphinus
0.19831221102563443,0.1761167924511352,0.03284618806879316,0.17527527409331248,0.2564718992187313,0.032743502496943404,0.12823413264545003,S_frontalis,37,PMC_12_A33,Delphinus
0.0950402281330672,0.4418912265351673,0.04588514725650799,0.08804376146314415,0.189633595712542,0.044232087636028164,0.09527395326354328,S_attenuata,38,PMC_12_A33,Delphinus
0.31071423725311387,0.058115139998811925,0.04055196013721088,0.18047206574653213,0.12714915565907217,0.061931120446795614,0.22106632075846355,Delphinus,39,PMC_12_A33,Delphinus
0.1896570493232143,0.12162089047496899,0.044560711286801585,0.1570705831396408,0.2568810959092361,0.05063261829086538,0.17957705157527282,S_frontalis,40,PMC_12_A33,Delphinus
0.5958647669916027,0.048592553092345774,0.0313383313136976,0.01127847821257846,0.051636904852138926,0.21365668140176972,0.04763228413586699,Delphinus,41,PMC_12_A33,Delphinus
0.08416170072427195,0.1628559782789734,0.028150205778281586,0.17826790435916665,0.1254388094523791,0.25663723646943803,0.16448816493748927,S_longirostris,42,PMC_12_A33,Delphinus
0.549174131740222,0.06040247755085961,0.06867145380763733,0.020509074748404955,0.052609962289094515,0.17533567009013004,0.0732972297736517,Delphinus,43,PMC_12_A33,Delphinus
0.3342387039233374,0.07038762960501413,0.06629875812307584,0.02594811640867252,0.10270974381368267,0.31099007534740836,0.0894269727788091,Delphinus,44,PMC_12_A33,Delphinus
0.11864437853388324,0.07594450517330006,0.06197483540457792,0.01016463282645977,0.37945667669423777,0.24313443578549856,0.11068053558204308,S_frontalis,45,PMC_12_A33,Delphinus
0.03408875401126043,0.17855656099806272,0.021746463689088655,0.00932499127162054,0.657361706201857,0.06603360122964924,0.032887922598461496,S_frontalis,46,PMC_12_A33,Delphinus
0.0,0.06311896551724137,0.7504294755671366,0.11301941747572815,0.038,0.0050526315789473685,0.03037950986094652,S_bredanensis,47,PMC_12_A33,Delphinus
0.20536029750055373,0.24553505153030608,0.009485835325545634,0.11055189345997782,0.23269552848654457,0.07666402474983125,0.11970736894724102,S_attenuata,48,PMC_12_A33,Delphinus
0.3713297022311695,0.07819440699947908,0.035150404441585535,0.10379797141385386,0.06075989941332774,0.10724683736605897,0.24352077813452536,Delphinus,49,PMC_12_A33,Delphinus
0.17845107850430206,0.09925571453418794,0.06694161860921019,0.18261648287699989,0.2823457446880375,0.06207873417765454,0.1283106266096079,S_frontalis,50,PMC_12_A33,Delphinus
0.1559470528441184,0.17800365962622866,0.2355403014470848,0.02696528616390822,0.2932474852715265,0.04505954127535857,0.06523667337177497,S_frontalis,51,PMC_12_A33,Delphinus
0.27241429400202355,0.1579065171144688,0.16010972129361214,0.1321356141487765,0.12052541683466719,0.03332978617754435,0.12357865042890744,Delphinus,52,PMC_12_A33,Delphinus
0.10470723335476448,0.41601501044338385,0.054740831545301835,0.10033520459089273,0.18950364530281177,0.046865293240721535,0.08783278152212386,S_attenuata,53,PMC_12_A33,Delphinus
0.10721325349855249,0.36710022017834193,0.05611371161601811,0.026270425362592737,0.3236443917721188,0.08464804875857887,0.03500994881379722,S_attenuata,54,PMC_12_A33,Delphinus
0.09034631231758566,0.3106175661521821,0.12853920803169844,0.019435578283158585,0.32475547862575066,0.03886063037601238,0.08744522621361213,S_frontalis,55,PMC_12_A33,Delphinus
0.02960659429504078,0.07364065384216288,0.023541417721567832,0.01371188584385067,0.6970113138909436,0.11496781133168084,0.04752032307475335,S_frontalis,3721,PMC_12_A33,Delphinus
0.03743745903805953,0.10229768131721247,0.0730397616278087,0.11554823804244849,0.4167854801659726,0.12847658400044928,0.12641479580804893,S_frontalis,3722,PMC_12_A33,Delphinus
0.08645210286588441,0.33821989826230503,0.11806536271051285,0.016273187441508016,0.3195409075367401,0.04818234139575778,0.073266199787292,S_attenuata,3723,PMC_12_A33,Delphinus
0.36755408049666105,0.07503218172073758,0.036367633675980615,0.0065575767972204674,0.06577099475481146,0.29368468917682244,0.1550328433777665,Delphinus,56,PMC_12_A46,Delphinus
0.7819654604339598,0.030152474186077367,0.027903925688448537,0.01610494862671425,0.03212681169695603,0.07720503430524235,0.03454134506260217,Delphinus,57,PMC_12_A47,Delphinus
0.5709886204357728,0.023184222856258766,0.03227431216545052,0.033692028095656454,0.1121282309701586,0.15985699027640277,0.06787559520029987,Delphinus,58,PMC_12_A47,Delphinus
0.3274580896758393,0.17899586418803745,0.03738972269440326,0.06438624723771078,0.14334546796864203,0.1045253821011862,0.1438992261341809,Delphinus,59,PMC_12_A47,Delphinus
0.33106589517351587,0.06807652870990405,0.057963360945631356,0.16373373284353537,0.11294549078571141,0.10360875358533977,0.16260623795636228,Delphinus,60,PMC_12_A47,Delphinus
0.7114525077501397,0.040014432478152624,0.029045407254598317,0.02789271536533199,0.04092760707023421,0.10088499991778731,0.04978233016375617,Delphinus,61,PMC_12_A47,Delphinus
0.42777313103270476,0.1395822407272616,0.14436183202654762,0.05877115180387022,0.03435709347255509,0.08946087734805795,0.10569367358900268,Delphinus,62,PMC_12_A47,Delphinus
0.5410375023163061,0.019442179998208683,0.022882328028707904,0.012027846367636458,0.03744923071202501,0.3162903409802712,0.05087057159684447,Delphinus,63,PMC_12_A47,Delphinus
0.5625999596170554,0.10194884118498329,0.05398548758359022,0.036479251668027846,0.10370356240597428,0.0990467353984402,0.042236162141928366,Delphinus,64,PMC_12_A47,Delphinus
0.08205264168105803,0.44791762108789,0.049972394294275406,0.05018672271013754,0.16143250925390412,0.054496929025844444,0.15394118194689035,S_attenuata,65,PMC_12_A47,Delphinus
0.3199121828739798,0.10819415924611987,0.047226548527756394,0.18229576305762785,0.08756404718811266,0.10525704687975487,0.14955025222664897,Delphinus,66,PMC_12_A47,Delphinus
0.535611183055817,0.04932515958059459,0.01739221551153734,0.0503844102016889,0.08197261515438009,0.1822878663076908,0.08302655018829098,Delphinus,67,PMC_12_A47,Delphinus
0.6930784009543646,0.03184915168247973,0.02634367001041515,0.014975301628297836,0.05265082847869318,0.14084937176267087,0.04025327548307851,Delphinus,68,PMC_12_A47,Delphinus
0.18327386108803376,0.19466019804229995,0.023450315820951823,0.05564035597428032,0.09104930594321331,0.27014945676525176,0.18177650636596926,S_longirostris,69,PMC_12_A47,Delphinus
0.6240117114893173,0.08540571804787857,0.02321761686515712,0.017638692981219166,0.12677341783081986,0.09535401107277,0.02759883171283801,Delphinus,70,PMC_12_A47,Delphinus
0.08355227356946157,0.2126822783589274,0.018152083032698794,0.12582665313835875,0.2726439622830873,0.08552233208669122,0.20162041753077548,S_frontalis,71,PMC_12_A47,Delphinus
0.18224107665284664,0.12722570020276408,0.07257181155397652,0.07244667652866141,0.22159232082700892,0.14643898915871306,0.17748342507602952,S_frontalis,72,PMC_12_A47,Delphinus
0.059122277124183505,0.5023089822562125,0.0035013237906460493,0.28871626236899384,0.0320909097970042,0.0800000953981771,0.034260149264783005,S_attenuata,73,PMC_12_A47,Delphinus
0.1243729316120488,0.12511846871311927,0.08392608528056805,0.10576230047614758,0.2054368781411469,0.1510470182613194,0.20433631751564998,S_frontalis,74,PMC_12_A47,Delphinus
0.018576909337573156,0.10023882230602187,0.007759058970771367,0.044498241656432555,0.6361682074862607,0.02019185774330901,0.1725669024996314,S_frontalis,75,PMC_12_A47,Delphinus
0.3284039767412035,0.1648926053645807,0.024272294588710823,0.0035450952061466035,0.10554533138437483,0.3432179846726328,0.030122712042350792,S_longirostris,76,PMC_12_A47,Delphinus
0.21349142805488952,0.1849825193934256,0.018322231425255114,0.07722642347801587,0.03574876711443092,0.10861956259290721,0.3616090679410757,T_truncatus,77,PMC_12_A47,Delphinus
0.31022037925865464,0.10631666547541435,0.18404250977357972,0.06235320742471641,0.06552549264538082,0.13347155440194913,0.1380701910203051,Delphinus,78,PMC_12_A47,Delphinus
0.35599023178675765,0.18372927765998417,0.016213779849192648,0.01864155806275592,0.016340161460119886,0.16864226953903608,0.24044272164215358,Delphinus,79,PMC_12_A47,Delphinus
0.10369189086483785,0.1447413470703388,0.055303040792093444,0.07898289550444325,0.1685783260437227,0.20188040320030612,0.2468220965242579,T_truncatus,80,PMC_12_A47,Delphinus
0.12525347684251348,0.24081017912030836,0.15290033346697177,0.027466125766693297,0.16796422317527585,0.17030215122210435,0.11530351040613314,S_attenuata,81,PMC_12_A47,Delphinus
0.2777040665472301,0.12113527870191175,0.012443478244997795,0.01104430580388519,0.047886082054989114,0.504329974884712,0.025456813762274225,S_longirostris,82,PMC_12_A47,Delphinus
0.3162503581335967,0.0980816626359954,0.17104517512301115,0.039765346044453566,0.06296191538907017,0.039224741831497434,0.2726708008423756,Delphinus,83,PMC_12_A47,Delphinus
0.2980339581889233,0.08093420995175225,0.09117989240530566,0.06159308786230154,0.1289234168474845,0.16688757691537073,0.1724478578288622,Delphinus,84,PMC_12_A47,Delphinus
0.0999869654326681,0.20105900574823088,0.01673077934642267,0.005668881584542394,0.11206913136795649,0.36533953528022867,0.19914570123995082,S_longirostris,85,PMC_12_A47,Delphinus
0.10532698177616213,0.166248293015599,0.015068409081766338,0.18355006051091105,0.10976857999222385,0.08066533442297479,0.3393723412003632,T_truncatus,86,PMC_12_A47,Delphinus
0.21504955697385386,0.21957684498493235,0.2887071532673038,0.0642801961120972,0.05577345243397177,0.03789154300443493,0.11872125322340629,S_bredanensis,87,PMC_12_A47,Delphinus
0.3776296621912294,0.051841772713260674,0.05330007811364033,0.04703941265417095,0.18025760287760006,0.19793486328263063,0.09199660816746831,Delphinus,88,PMC_12_A47,Delphinus
0.6122950538074257,0.028810023116833935,0.012189659531764058,0.017028259417743278,0.09765070828946369,0.20037429645023005,0.03165199938653946,Delphinus,89,PMC_12_A47,Delphinus
0.7524068099029014,0.02182001569360979,0.012997059785150318,0.017944694205260785,0.049804829914461536,0.11164091913540646,0.03338567136320946,Delphinus,90,PMC_12_A47,Delphinus
0.3568476179357931,0.25142181150734505,0.06468909803581308,0.08119466502437353,0.10075856061381387,0.09749366334111537,0.047594583541746095,Delphinus,91,PMC_12_A47,Delphinus
0.05959861811891105,0.2027784089917049,0.018433623034681813,0.05659500573726807,0.05417031823975813,0.26827841403533026,0.34014561184234593,T_truncatus,92,PMC_12_A47,Delphinus
0.5968611329408825,0.0369999124910233,0.048101160810146086,0.036124245385324785,0.11224229617243237,0.10758905941333749,0.06208219278685311,Delphinus,93,PMC_12_A47,Delphinus
0.33768374435633036,0.0773019689457151,0.11084351403727086,0.05746232844875251,0.1981279343595565,0.10324636591408672,0.11533414393828793,Delphinus,94,PMC_12_A47,Delphinus
0.07862792126352261,0.47000370980199246,0.0004846201182154328,0.17378820668405412,0.04968608972588277,0.13097035215904856,0.09643910024728414,S_attenuata,95,PMC_12_A47,Delphinus
0.15203298387644018,0.05963860569360282,0.012833179059844105,0.2802052294116165,0.17668182044114233,0.04474956089741181,0.2738586206199425,S_clymene,96,PMC_12_A47,Delphinus
0.32658372643964845,0.17126894480517563,0.12328391344438802,0.02504169930018521,0.12646845040843352,0.17691542711786382,0.0504378384843059,Delphinus,3724,PMC_12_A47,Delphinus
0.12609799628097912,0.10350820295948458,0.02091310370419033,0.2043276621555359,0.3482226710369263,0.06120201585891494,0.13572834800396877,S_frontalis,3725,PMC_12_A47,Delphinus
0.5656688872797643,0.15567225231872364,0.025769683730945184,0.04214651031728938,0.02214106034769251,0.09598120603905015,0.09262039996653486,Delphinus,3726,PMC_12_A47,Delphinus
0.3369085352751217,0.15850972158449997,0.15697644337344566,0.013886914373909454,0.10222737278169669,0.1773978179656152,0.05409319464571155,Delphinus,3727,PMC_12_A47,Delphinus
0.47486567812305897,0.046336274119028215,0.021468759978232416,0.015393559567800849,0.0815921603163135,0.2997338094390323,0.06060975845653412,Delphinus,3728,PMC_12_A47,Delphinus
0.41623378874246236,0.06642886312957018,0.016975872555892554,0.11723551325598881,0.08825657234211409,0.19460294329768266,0.10026644667628964,Delphinus,3729,PMC_12_A47,Delphinus
0.21008834719195146,0.10162601710513991,0.060741025645831864,0.13702496921076307,0.07494143134886064,0.22190993689201047,0.19366827260544273,S_longirostris,3730,PMC_12_A47,Delphinus
0.10979241191770582,0.45801805025966763,0.03239815275030886,0.0741936118531355,0.08667518719658972,0.09147422556335891,0.14744836045923346,S_attenuata,3731,PMC_12_A47,Delphinus
0.1594210590572422,0.3126567020826886,0.07974484987933053,0.022849488095597795,0.06859496023373662,0.2255059655571682,0.1312269750942362,S_attenuata,3732,PMC_12_A47,Delphinus
0.10887403543366983,0.19126643416765848,0.08582111676627252,0.04119134147752577,0.047035802374405376,0.35584591678764593,0.16996535299282228,S_longirostris,3733,PMC_12_A47,Delphinus
0.10701383763033039,0.13578746464130845,0.012559544375653518,0.16455892522299537,0.034078730245608195,0.32620041556801965,0.21980108231608456,S_longirostris,97,PMC_12_A62,Delphinus
0.4258586447789232,0.06238131971215967,0.04038449703691208,0.0817745045015981,0.0895726500093324,0.20443170503650002,0.09559667892457471,Delphinus,98,PMC_12_A62,Delphinus
0.6131432428562954,0.08579344033697604,0.02290862685361188,0.024469635580250775,0.1294028195001858,0.08966957921876323,0.03461265565391718,Delphinus,99,PMC_12_A62,Delphinus
0.020393665360463536,0.0423508874071364,0.00012121212121212121,0.875907074546355,0.024758904386071593,0.016332328994126143,0.020135927184635624,S_clymene,100,PMC_12_A62,Delphinus
0.06084391989852449,0.04911554850241382,0.23255595523306746,0.02814733266991007,0.1260229801463935,0.35375226175736235,0.1495620017923284,S_longirostris,101,PMC_12_A62,Delphinus
0.4226652092844697,0.17290739605043984,0.043561446461427386,0.04926018169129263,0.06620199815504259,0.19597061774108063,0.049433150616247507,Delphinus,102,PMC_12_A62,Delphinus
0.12521107298740153,0.09088964400676496,0.15677769523913238,0.08727036408527895,0.06027623445809804,0.38209727870811006,0.09747771051521414,S_longirostris,103,PMC_12_A62,Delphinus
0.07196207188983182,0.12217395550392433,0.011816401888198927,0.24826869399114534,0.07161280015406422,0.33729057308780963,0.13687550348502586,S_longirostris,104,PMC_12_A62,Delphinus
0.25855822967673775,0.0912860513742804,0.017601023216757737,0.2597553980175796,0.1367472313951515,0.16072852688005348,0.07532353943943992,S_clymene,105,PMC_12_A62,Delphinus
0.3296942454472275,0.1945167202715841,0.027115021732556657,0.04761856013882003,0.029472062731573247,0.1515679272527014,0.22001546242553707,Delphinus,106,PMC_12_A62,Delphinus
0.2577443456170978,0.12463383269296799,0.1391991799902408,0.07184026421524096,0.10775878039054482,0.08343345397042617,0.21539014312348165,Delphinus,107,PMC_12_A62,Delphinus
0.444488742773197,0.17622406471419044,0.040296463622099626,0.06770938720962706,0.1679278347009436,0.05891502576712611,0.04443848121281618,Delphinus,108,PMC_12_A62,Delphinus
0.05063005984677494,0.2827076974537448,0.0038147673259846136,0.03404652168724169,0.49875621665526015,0.04868242207476526,0.08136231495622848,S_frontalis,109,PMC_12_A62,Delphinus
0.5459698829677399,0.049153274420024456,0.07123906880615302,0.03782257862200678,0.11034135832520342,0.13718530271429014,0.04828853414458237,Delphinus,110,PMC_12_A62,Delphinus
0.4674016083207465,0.07277752885273105,0.07428922924258964,0.02855137397003126,0.20138770823063193,0.11172395118536757,0.04386860019790226,Delphinus,111,PMC_12_A62,Delphinus
0.3496580277169607,0.10311601393693309,0.05666783977018391,0.2197875467858426,0.05870667972450539,0.04877848525846366,0.1632854068071106,Delphinus,112,PMC_3_A68,Delphinus
0.31834271862304453,0.21789440891065046,0.020258876880435397,0.13963231264426684,0.03155313371406922,0.10803408060991414,0.16428446861761947,Delphinus,113,PMC_3_A68,Delphinus
0.38545274951329683,0.12226750454990604,0.05152602340327027,0.20960319711634642,0.052262803138998934,0.047353189835312635,0.1315345324428687,Delphinus,114,PMC_3_A68,Delphinus
0.30587077394949064,0.16414024434703758,0.0358518122141726,0.028164961623671953,0.3068136127476504,0.09451582136217118,0.06464277375580589,S_frontalis,115,PMC_3_A68,Delphinus
0.03825180635759532,0.23637108253364045,0.013746586955010735,0.005690470053504473,0.12407708653984591,0.1575760230146957,0.4242869445457074,T_truncatus,116,PMC_3_A68,Delphinus
0.6435916151691677,0.054767015187741575,0.032853016980701095,0.04615853186264753,0.06552035530308163,0.05412318933533889,0.10298627616132082,Delphinus,117,PMC_6_A51,Delphinus
0.6311209371006298,0.05764868654547646,0.041697499923828006,0.04381484325576966,0.08577077082945551,0.04654209983916252,0.09340516250567794,Delphinus,118,PMC_6_A51,Delphinus
0.18206544861988208,0.049784533962178926,0.07488407287790233,0.22043625575520281,0.17056587572946896,0.06624929474276044,0.2360145183126045,T_truncatus,119,PMC_6_A51,Delphinus
0.2641827476635956,0.2107697732380045,0.043548398463937814,0.013140105726003359,0.08974614186429951,0.28647441806161594,0.0921384149825434,S_longirostris,120,PMC_6_A51,Delphinus
0.33643770356271957,0.08199196061073556,0.03772588464735816,0.04667477549463398,0.14449141666652074,0.19014313225923438,0.16253512675879753,Delphinus,121,PMC_6_A51,Delphinus
0.6013124808719621,0.027253761974882856,0.018212116940512266,0.04877779672337122,0.11198410803200663,0.11346670717308775,0.07899302828417737,Delphinus,122,PMC_6_A51,Delphinus
0.3688591498380714,0.0690976367657702,0.10737542010932093,0.1165606156593501,0.03837122171295197,0.02860973595371125,0.27112621996082426,Delphinus,123,PMC_6_A51,Delphinus
0.6495985076421439,0.11663644921356738,0.02297096144520397,0.02621524285951916,0.023447624959546057,0.0762378170769779,0.08489339680304217,Delphinus,124,PMC_6_A51,Delphinus
0.07136272753193428,0.056463465991093344,0.07694441758199048,0.08283818058372285,0.5440266860970654,0.056118078498548565,0.11224644371564524,S_frontalis,125,PMC_6_A51,Delphinus
0.13949779504385365,0.016172175577232797,0.014233065564421474,0.040293916578915935,0.03774444627195263,0.6343172798020744,0.11774132116154906,S_longirostris,126,PMC_6_A51,Delphinus
0.09169551937913588,0.05508492740661312,0.0019041721799322325,0.012244258960972833,0.04140923673038112,0.6039522676799389,0.19370961766302516,S_longirostris,127,PMC_6_A51,Delphinus
0.48540041379005017,0.16297044844723826,0.03262477826416816,0.04179340656344098,0.0762280292500888,0.07885911058203454,0.12212381310297908,Delphinus,128,PMC_6_A51,Delphinus
0.38628493472558734,0.0751728350269605,0.0725156501898866,0.14277676218626653,0.1412999910455331,0.0443479083590221,0.1376019184667439,Delphinus,129,PMC_6_A51,Delphinus
0.38177469655205093,0.05769913882424135,0.033002533436852444,0.057129299340932034,0.06144527183079573,0.23256356991388497,0.1763854901012426,Delphinus,130,PMC_6_A51,Delphinus
0.48155807496637953,0.07820085255047954,0.023370670267521296,0.0536088307193617,0.08866011051327581,0.14576749858342597,0.12883396239955616,Delphinus,131,PMC_6_A51,Delphinus
0.35468975724074125,0.11066521379146894,0.02987642261222738,0.08143563039067045,0.1308604046618854,0.1794522887748861,0.11302028252812074,Delphinus,132,PMC_6_A51,Delphinus
0.6174692158419789,0.036767387448834295,0.01498752503512021,0.020422823060484156,0.05250918644235869,0.18214222925934098,0.075701632911883,Delphinus,133,PMC_6_A51,Delphinus
0.4250068677693563,0.07150256751499702,0.08874957081090484,0.09675934369188688,0.21258939911722458,0.03268731147887628,0.07270493961675385,Delphinus,134,PMC_6_A51,Delphinus
0.23575890296672708,0.07877730555287737,0.03337078723047342,0.15155782521546401,0.2531892802880545,0.12316244132077074,0.12418345742563303,S_frontalis,135,PMC_6_A51,Delphinus
0.2063437541865698,0.18075380502272242,0.05088437977861032,0.08468853940898652,0.2668480553823916,0.08659245051691032,0.12388901570380911,S_frontalis,136,PMC_6_A51,Delphinus
0.13636590630571369,0.3629241500671131,0.061472810658637536,0.029968354383665106,0.20824985274968738,0.12365753656777921,0.07736138926740431,S_attenuata,137,PMC_6_A51,Delphinus
0.4448022488395354,0.04340269869781176,0.020929694446862747,0.023049987888433508,0.21217155635145113,0.1918841621961887,0.0637596515797168,Delphinus,138,PMC_6_A51,Delphinus
0.4396641500368453,0.0560753529201315,0.020000507729729933,0.008819829137222535,0.05341583026291045,0.3384588546104827,0.08356547530267759,Delphinus,139,PMC_6_A51,Delphinus
0.44535091734287874,0.05746224229623154,0.03247199213849329,0.09237979939628942,0.09987074537545106,0.10678836953891885,0.16567593391173713,Delphinus,140,PMC_6_A51,Delphinus
0.4867317773866527,0.0414473260101846,0.015868648549522583,0.06873218740838363,0.11971915605716982,0.1425792463915389,0.12492165819654796,Delphinus,141,PMC_6_A51,Delphinus
0.3875431148916861,0.05992723980876065,0.020535114527885878,0.01633446687129896,0.12531271510970937,0.3034114130367747,0.0869359357538843,Delphinus,142,PMC_6_A51,Delphinus
0.4121953588933847,0.0541707382497764,0.02073181891696773,0.04969145743369382,0.07022084707470438,0.24239769351830068,0.15059208591317239,Delphinus,143,PMC_6_A51,Delphinus
0.35042810085266896,0.05849278541769148,0.013680683969706758,0.0797892236763631,0.09421350115141897,0.23655616075181066,0.16683954418034025,Delphinus,144,PMC_6_A51,Delphinus
0.602911547221744,0.05394636671527229,0.04508883201590002,0.03505299498146844,0.04927923172704717,0.03634167819641076,0.17737934914215722,Delphinus,145,PMC_6_A51,Delphinus
0.24404515050065387,0.1767702202381752,0.04660691659708514,0.047314992038889385,0.19457693729526349,0.16033083960919733,0.13035494372073547,Delphinus,146,PMC_6_A51,Delphinus
0.3424590531793653,0.04160787987122432,0.017525338140557678,0.03145188089380473,0.026880186133730662,0.16868259701250762,0.37139306476880984,T_truncatus,147,PMC_6_A51,Delphinus
0.25409542172550753,0.2165687511704714,0.021289423000988635,0.1290454251028056,0.03440965664901042,0.11251322224252958,0.23207810010868693,Delphinus,148,PMC_6_A51,Delphinus
0.23879860859823598,0.17558720228674793,0.03843513422149473,0.10874523905327209,0.10761809186780114,0.09475988196543735,0.23605584200701088,Delphinus,149,PMC_6_A51,Delphinus
0.026516267219011784,0.021491949614279016,0.0005975530680499624,0.057244051883626614,0.01411966690443902,0.7568624535484089,0.12316805776218455,S_longirostris,150,PMC_6_A51,Delphinus
0.065428176772314,0.011036331689862457,0.009556483149051683,0.02934207510820537,0.03196008209150105,0.714317598935008,0.1383592522540573,S_longirostris,151,PMC_6_A51,Delphinus
0.09538466977318127,0.09025098602457401,0.004838850038850038,0.570566637276411,0.10481855178154513,0.024486413530705263,0.10965389157473311,S_clymene,152,PMC_6_A51,Delphinus
0.5553717017312767,0.11528695557250947,0.025909602718882485,0.04852216349573397,0.07766010996875856,0.07038694827557145,0.10686251823726754,Delphinus,153,PMC_6_A51,Delphinus
0.4363694289311121,0.0749246409462086,0.04304265529376419,0.03777559037528262,0.0929046443398969,0.18059976015398144,0.13438327995975405,Delphinus,154,PMC_6_A51,Delphinus
0.22454822851999073,0.3328712421502573,0.018743141409384052,0.07795876905875582,0.12345140365957238,0.11751546716661544,0.10491174803542433,S_attenuata,155,PMC_6_A51,Delphinus
0.6259604073474285,0.06586498987022829,0.04790881904879878,0.055421606250898696,0.09611454765622716,0.04940026123271063,0.059329368593708395,Delphinus,156,PMC_6_A51,Delphinus
0.4119899264436773,0.09294788226547439,0.015783342726718615,0.04228464588128706,0.03343211163543541,0.1689460183438461,0.2346160727035612,Delphinus,3734,PMC_6_A51,Delphinus
0.18525190143097467,0.020887759153357773,0.020605272044153435,0.03713910080792897,0.059235607340364406,0.5597361068675529,0.11714425235566765,S_longirostris,3735,PMC_6_A51,Delphinus
0.5053256626942915,0.06823824115908968,0.03505207301930043,0.03766915084147839,0.11317197140010758,0.10543950975972886,0.135103391126004,Delphinus,3736,PMC_6_A51,Delphinus
0.12710376301497636,0.10771753227243638,0.016459921672747558,0.11181383244016653,0.07566394768585523,0.2241902911575217,0.33705071175629625,T_truncatus,3737,PMC_6_A51,Delphinus
0.32177037858630403,0.13225896849044488,0.02028366711037754,0.1819337652591194,0.18513240268180972,0.09742589211147278,0.061194925760471704,Delphinus,3738,PMC_6_A51,Delphinus
0.1878336707852266,0.30681434780318223,0.0468558236529238,0.04759766935979975,0.2548585202231057,0.08264272468031458,0.07339724349544716,S_attenuata,3739,PMC_6_A51,Delphinus
0.5147494516379331,0.052532614740160466,0.04434905202228491,0.03876066341426458,0.04797581758278054,0.04546509846716075,0.25616730213541544,Delphinus,3740,PMC_6_A51,Delphinus
0.48226431090099975,0.09508510043883044,0.032062913025052944,0.013793005848331942,0.10711823399066094,0.20804968060380394,0.061626755192320054,Delphinus,3741,PMC_6_A51,Delphinus
0.421869393371696,0.07508401111071827,0.016975744151366358,0.10772762803805663,0.12098620176157555,0.11801279020973462,0.13934423135685256,Delphinus,3742,PMC_6_A51,Delphinus
0.08625051607399535,0.10438417391626183,0.005024196490219139,0.03771428360117659,0.04092523089404956,0.5389328373500706,0.1867687616742271,S_longirostris,3743,PMC_6_A51,Delphinus
0.36742540783509686,0.09227737439150706,0.04729617970968627,0.18058346940100076,0.18013180068311435,0.048409589789962404,0.08387617818963221,Delphinus,157,PMC_9_A102,Delphinus
0.6344337366238002,0.13203920569835415,0.018141785023883892,0.02836514533286076,0.015757848295014008,0.06448764977764371,0.10677462924844418,Delphinus,158,PMC_9_A102,Delphinus
0.5426384452976896,0.02648448768828153,0.06395275227841088,0.02645348709685806,0.06755290539528157,0.19621248862313387,0.07670543362034474,Delphinus,159,PMC_9_A102,Delphinus
0.14350472059627647,0.17802252659696394,0.02105381994541731,0.08475557103673788,0.054203074759280045,0.06413027069084332,0.45433001637448117,T_truncatus,160,PMC_9_A102,Delphinus
0.2442336660001703,0.1265173661024996,0.005833008076056226,0.05828138347760715,0.03502410071335357,0.18315071396868013,0.3469597616616331,T_truncatus,161,PMC_9_A102,Delphinus
0.05195207098874046,0.2309338427595533,0.0023716588997155477,0.383307477789287,0.02731341064247992,0.17290469782157183,0.13121684109865203,S_clymene,162,PMC_9_A102,Delphinus
0.3559532824051805,0.2620272107415735,0.04310184219579581,0.04080634624579344,0.1782747765194554,0.06682896006242468,0.05300758182977655,Delphinus,163,PMC_9_A102,Delphinus
0.2453945641280562,0.12716681515855985,0.013974683478260308,0.1843418253095264,0.10987252597116536,0.03453400651519849,0.28471557943923353,T_truncatus,164,PMC_9_A102,Delphinus
0.15077851262381448,0.2208008151256122,0.014940409640497001,0.15757328325274392,0.16095636681033687,0.14971827796042292,0.14523233458657303,S_attenuata,165,PMC_9_A102,Delphinus
0.38783084665741435,0.15682617300747254,0.027601366601277866,0.013642849232088633,0.11479493445511556,0.23169271817442205,0.06761111187220929,Delphinus,166,PMC_9_A102,Delphinus
0.18270032619855028,0.10599945338298683,0.08320032913878778,0.050354337167805296,0.17436915722653407,0.30827133073676793,0.095105066148568,S_longirostris,167,PMC_9_A102,Delphinus
0.8018821501605793,0.024421905089165787,0.03007233623060777,0.007357319907266868,0.06627561210542221,0.05287923329354062,0.017111443213418828,Delphinus,168,PMC_9_A102,Delphinus
0.39424450479702144,0.09255750784846621,0.08325098205188794,0.12933827955925511,0.033717515188773306,0.03779693661295096,0.22909427394164514,Delphinus,169,PMC_9_A102,Delphinus
0.6308155813925096,0.08329570495466652,0.037534660879958215,0.053019482063678305,0.027953451851894424,0.03230137938825329,0.13507973946904067,Delphinus,170,PMC_9_A102,Delphinus
0.3040326191155774,0.30058302930486963,0.015267042240403103,0.022445295683256525,0.010193687625751778,0.15241790392925955,0.1950604221008821,Delphinus,171,PMC_9_A102,Delphinus
0.5767589020485829,0.07187067559018698,0.03410823277102029,0.033050731145454086,0.058806557726654066,0.06035966893351784,0.16504523178458422,Delphinus,172,PMC_9_A102,Delphinus
0.044156208523840994,0.24453657564278783,0.008172379536660201,0.2313235651107342,0.03720873192149673,0.12944847967714992,0.3051540595873304,T_truncatus,173,PMC_9_A102,Delphinus
0.633416909872996,0.0676333397015797,0.05804249297915995,0.02439640240920832,0.05198517538210255,0.0643134572576368,0.10021222239731727,Delphinus,174,PMC_9_A102,Delphinus
0.5340409065391128,0.07970907211596491,0.04490608715420552,0.08213979581111368,0.09428417711979398,0.0774028740462865,0.0875170872135232,Delphinus,175,PMC_9_A102,Delphinus
0.10403277682355751,0.28277099825756624,0.025163063513103708,0.08658153725614388,0.2076428548149502,0.04325326770692546,0.25055550162775303,S_attenuata,176,PMC_9_A102,Delphinus
0.26379797296159735,0.1547766130805558,0.022872704894039086,0.2159003695087993,0.18003490822897403,0.06742045240339335,0.09519697892264128,Delphinus,177,PMC_9_A102,Delphinus
0.2643833932982902,0.08908097053730037,0.2853194147335391,0.027864853003911505,0.12055943200486513,0.09020530924145993,0.12258662718063396,S_bredanensis,178,PMC_9_A102,Delphinus
0.2882571623781368,0.1669893072107466,0.03947198409932058,0.21688144782869406,0.09403248064010433,0.05551482104800054,0.1388527967949973,Delphinus,179,PMC_9_A102,Delphinus
0.24867001381862786,0.08233212369039174,0.03514356007992827,0.1824315081501087,0.2868404090929853,0.06419040475040845,0.10039198041754982,S_frontalis,180,PMC_9_A102,Delphinus
0.05246516021147857,0.148121398682113,0.0020349042630750927,0.04575014622022679,0.07574605691415545,0.5556211931705476,0.12026114053840362,S_longirostris,181,PMC_9_A102,Delphinus
0.16569481153195387,0.16781674000666263,0.02219189915561314,0.11812935147596285,0.15700222798923472,0.030488122257512403,0.33867684758306055,T_truncatus,182,PMC_9_A102,Delphinus
0.2846451522690284,0.04170513499180591,0.01836481501288164,0.021330570958093348,0.13487693930062478,0.44919413497269967,0.04988325249486621,S_longirostris,183,PMC_9_A102,Delphinus
0.1572863099547549,0.14286462577269446,0.030457301602299976,0.09216872269908406,0.0979314098088702,0.208626687864756,0.27066494229754057,T_truncatus,184,PMC_9_A102,Delphinus
0.03941056416605204,0.44900521460008974,0.016944828980543267,0.07615011555183716,0.11422236138915902,0.08591831445168559,0.2183486008606331,S_attenuata,185,PMC_9_A102,Delphinus
0.5966065820531806,0.04504309814961362,0.02207982081346884,0.0435756093728706,0.12365169683046354,0.10937563644874208,0.05966755633166106,Delphinus,186,PMC_9_A102,Delphinus
0.3889235847361704,0.03734253810774577,0.01766320518455908,0.07796444736935751,0.09057357714690265,0.3030425985586888,0.08449004889657595,Delphinus,187,PMC_9_A102,Delphinus
0.01152849190403132,0.061985818378930475,0.00040697737514820513,0.03444339311585076,0.004895361900490099,0.6907460406615229,0.1959939166640258,S_longirostris,188,PMC_9_A102,Delphinus
0.546853955110098,0.06186727348034083,0.07368723125749946,0.03830836126474731,0.07146514805458405,0.11861698934335115,0.08920104148937984,Delphinus,189,PMC_9_A102,Delphinus
0.6011496245895662,0.0861961362248595,0.03954551170348766,0.021981859709155532,0.06286564262554552,0.13024950894754042,0.058011716199845326,Delphinus,190,PMC_9_A102,Delphinus
0.3958713045325976,0.058444049522560236,0.032881104518122,0.08162657547104661,0.08140909577551908,0.16440812262056897,0.18535974755958576,Delphinus,191,PMC_9_A102,Delphinus
0.26081788987830196,0.07151559229293776,0.12680013431268397,0.09854901488805642,0.049047729896023115,0.049772782686444174,0.3434968560455527,T_truncatus,192,PMC_9_A102,Delphinus
0.4859487209374077,0.033351275668388296,0.022266560606513074,0.09772709480174323,0.12829983050726895,0.05933560196393037,0.1730709155147487,Delphinus,193,PMC_9_A102,Delphinus
0.5074701417767338,0.034559600396925134,0.02765972455439305,0.017992584345831068,0.22464769529554024,0.14994582630752293,0.03772442732305378,Delphinus,194,PMC_9_A102,Delphinus
0.5206745499385277,0.0708059020176637,0.0651757899903413,0.052764601232390976,0.031924857020804796,0.055762018098621476,0.20289228170165058,Delphinus,195,PMC_9_A102,Delphinus
0.35676143629582413,0.09369940099231361,0.0382920847973791,0.04391122782784405,0.03564580231153102,0.11814403005903139,0.3135460177160767,Delphinus,196,PMC_9_A102,Delphinus
0.24293297743622008,0.3550739060467605,0.014351158907779903,0.0220122281627118,0.017034166468887942,0.12162173395330478,0.2269738290243353,S_attenuata,3744,PMC_9_A102,Delphinus
0.6905745131564093,0.06755130589754924,0.03299972815617627,0.02919984858234108,0.11130016361614964,0.04671431983241324,0.021660120758961832,Delphinus,3745,PMC_9_A102,Delphinus
0.22541831997131717,0.18565433287378968,0.2245697482247941,0.06297593807644687,0.1274382010237196,0.07294639494124797,0.10099706488868493,Delphinus,3746,PMC_9_A102,Delphinus
0.4273409180778128,0.08129396636080978,0.06811019099361242,0.05753448463214908,0.031315380384574765,0.02793494525488784,0.30647011429615356,Delphinus,3747,PMC_9_A102,Delphinus
0.1491187265646187,0.4880638080878019,0.06050977893477575,0.05740197703360294,0.1012687823976967,0.07308711129917045,0.07054981568233384,S_attenuata,3748,PMC_9_A102,Delphinus
0.14276548044227969,0.16053845878155365,0.008544179410066294,0.05211293372370927,0.024893609409143702,0.09961873153181375,0.5115266067014339,T_truncatus,3749,PMC_9_A102,Delphinus
0.02378382775173078,0.5961069032947004,0.00846212559857646,0.16802716646821153,0.08986483705996533,0.05147740733401158,0.06227773249280359,S_attenuata,3750,PMC_9_A102,Delphinus
